33733
-401300
-170315
280497
-288913
-937158
-376899
-575213
-367447
-655970
-352018
-579319
-631800
-670875
-704185
-867883
-121
-435009
-897476
-802535
-493333
-307408
-527555
-277074
-212641
-57359
-51136
244943
97537
28133
645065
846427
333803
927051
1029953
668276
334714
1048889
895385
1263652
537442
1122488
398743
72182
72053
358781
333665
399776
310863
45625
310852
185894
-620361
-692821
-422993
-589773
-614661
-797010
-460649
-589656
-1044640
-609577
-247670
-153272
-727005
-911557
-821013
-635793
-222332
207688
-310082
-806132
19070
-195436
-422532
156664
144372
467219
384042
527131
943931
503007
472762
232304
210588
462114
1038370
923851
922194
535793
-400592
395137
742337
492894
-21310
-214827
-36537
136555
-676957
107685
673472
-115578
-242732
-109454
-188777
-26130
-37471
-430994
-569710
-854320
-1196552
-663782
-567693
-751367
-729795
-157474
-323943
-433424
-717363
-1199891
-173881
-275963
321206
400103
460262
250198
100544
218227
477929
500102
687065
1052109
201429
-100356
646465
359474
467630
231277
422040
422205
508289
380099
693077
501488
661347
308394
-651275
-43956
112346
332220
-63725
-65301
-912045
-634134
-884064
-384164
3019
-387870
-182126
-1034168
-321306
-445683
-782844
-675757
-249354
-447668
-529685
-426212
173288
-207061
110116
-51602
270949
-37028
470136
510575
47144
80139
624881
347157
362618
426550
486722
1086422
883186
576766
798495
617574
599035
385865
5386
722234
535593
202032
-306049
-307515
-259526
-383174
112625
-597221
-1042028
-804693
-361075
-225455
-1359275
-451309
-206182
-567957
-722191
-306071
-1077946
-509430
-166192
-246004
-139726
-596917
-770844
-577598
-606695
284387
679896
267829
479916
274586
630968
614459
593144
998888
816622
646458
307427
803726
788236
957915
379478
1081280
561172
222056
-11132
504174
247656
259650
158290
-223545
-371646
-165480
-318356
-923613
-576037
-238886
-630921
-841284
-316701
-866343
-565237
-834120
-777090
-468539
-754202
-352022
-325971
-384779
73940
240691
-379858
-48108
11522
40736
-549021
-281426
204177
324568
527592
972512
358033
19885
663067
986858
461442
654129
514393
185187
168500
706167
544793
556623
-236037
254719
310248
219378
212536
88526
-67293
-228133
32407
-453693
-318990
-147143
-64765
-217701
-133898
29486
-363917
-577401
-751610
-655407
-574151
-793745
-396720
-482999
-601492
-562883
-308614
-488968
-95917
-189217
-333322
45375
-288383
139845
76003
464706
578961
894939
915437
986526
986869
630453
523528
352816
561069
717872
763393
595515
142571
228145
379949
153143
120004
-116450
-235676
23953
-146954
-894760
-813179
-13992
-1037718
-951711
-670347
-968697
-675883
-232921
-438732
-268439
-406478
-1184140
-406188
-579914
-767019
-136214
-308389
-126927
-265648
278857
646247
539872
-257250
58573
131838
1050710
604118
1018436
1252280
1024559
491594
769822
1184120
663207
945358
493715
437774
331809
472448
108199
212890
256464
130744
279760
-210810
-460320
-462032
-757808
-345099
-356697
-445677
-544335
-753996
-1078128
-1485493
-1702399
-762216
-1179379
-1027651
-220805
-415506
-567319
-487322
-222791
99253
643977
-243894
-9576
-119255
511399
696289
322028
472717
568451
647070
946815
1242211
1145483
368231
252154
589036
746180
644745
898650
764452
549863
580332
87181
167962
244166
-96152
-35524
-5712
84617
175422
-951383
-1332731
-931720
-815694
-584939
-105739
-183734
-742320
-734637
-420340
-838168
-1055778
-893705
-113236
-521918
-706982
-160048
-113413
-678511
-523668
-9932
-44275
968155
420820
357497
182277
-313673
324821
709230
1066663
1219133
892120
883443
1252103
790407
725606
460565
284917
257978
531899
758914
225645
219682
-8057
60776
-455848
-185000
148247
-202875
-852779
-366562
-376310
-504688
-500026
-715677
-854030
-803733
-1181107
-692739
-672071
-621740
-192049
-813561
-635686
-431976
-456851
-492948
-270799
-184790
111984
279074
212048
212942
552892
389033
584465
793298
895361
1150612
608679
601053
1036660
983565
451709
608022
664332
756587
475790
407908
-21262
201805
220156
775769
443
-199493
-269405
-449348
-597573
-363372
-852704
-718384
-688360
-1195100
-651786
-747275
-508407
-558753
-1147149
-690977
-492421
-577464
-759258
-536205
81140
473074
-373343
-176002
716940
589516
545108
430834
494733
722185
371224
218443
665896
411271
573365
646231
549512
923477
383548
278733
1061443
365810
132941
353669
137554
202873
119336
-74279
-124406
-122414
-434111
-376138
-823412
-517288
-329105
-540697
-703679
-614505
-800774
-979164
-1292996
-618870
-404459
-794754
-711688
-459346
-426713
63755
214859
-424447
-153172
22599
135548
382652
180853
125375
662168
625351
937594
704760
566866
1000341
654619
355259
990351
904774
665672
417103
653548
1049500
632484
-68841
47583
280241
-13585
-277631
-362685
-170665
-177292
148505
-784473
-313897
-911107
-503123
-646206
-507135
-320713
-377554
-851452
-1047612
-748148
-515297
-712378
-492027
-315367
-277880
-72382
-21662
-832499
-497069
-157369
150891
282280
510734
479671
238565
1049360
570128
289522
522415
938527
1054140
1210563
764712
691450
760974
699881
557964
562223
217099
-68520
137761
73616
291871
200811
-564325
-948176
-797197
-743691
-321449
-22441
-920367
-593550
-330950
-591469
-1019061
-679441
-187014
-506087
-366465
-515532
-919037
-957029
-541688
-122870
412265
223438
298971
-169801
-128117
60939
293164
753848
641948
819589
656673
638913
243963
630709
681256
1147421
652169
156481
435262
-78639
352259
403488
218230
-55572
-3413
-99157
206759
495926
-175431
-230577
-76189
-345948
-149018
-233015
-502987
-333685
-361693
-585393
-894089
-910036
-870693
-395490
-199914
-732586
-762048
-803019
-808577
-722919
-94374
278885
428395
245263
46537
389691
-69036
273132
514787
474596
428082
745214
923723
345610
752984
577700
768869
159879
699676
65398
29758
180003
766941
-30489
101363
132462
284526
649459
-51476
-268661
-782613
-618461
-845554
-587058
-1165099
-326684
-566061
-488335
-451876
-330973
-751300
-366920
-451124
-637461
-684255
-199195
-226227
-419887
155244
-235055
288582
662859
405602
104248
806931
461961
313648
340482
1520000
1240223
298728
437955
356870
-81910
440740
1087574
897825
482876
129305
198225
22713
409446
385460
212693
227347
-28145
-465285
-584085
-14885
-109611
-881286
-935026
-615688
-726029
-839036
-634934
-799520
-183191
-434840
-719411
-1168340
-305901
110168
131651
-132453
-343925
-14875
-192225
53998
509144
359994
165830
157217
742590
218036
315481
693026
663102
720693
561685
763624
926859
859298
624737
507653
401855
399150
1074061
366866
618965
430473
-157587
-329584
104024
-641580
-834966
-830656
-857851
-864122
-165673
-94364
-569625
-656139
-541323
-537905
-655079
-209591
-700622
-965128
-764946
-165109
-68801
-195360
-171457
-498676
-239079
-35338
-171245
-32520
-230428
642264
531505
792585
909704
500449
-225372
730727
899334
799840
1109582
1044447
745016
13301
128003
664795
880402
476463
198660
-112428
-506662
-363928
65100
-41380
277305
-11401
-470759
-889406
-1030185
-513891
-515701
-553630
-535834
-572097
-765483
-342197
-371419
-931454
-807900
-954938
-471013
-734532
-492410
83090
-118112
428374
428618
343238
-306020
289313
-15818
678424
938525
1404938
1020319
709906
501236
590838
772662
797760
735343
364861
555432
738500
215954
368936
-14677
18053
-259550
-122806
-18455
73539
-179526
107720
-221645
-911442
-477507
-398920
-548640
-756701
-727296
-611655
-757781
-826616
-486091
-988712
-856703
-632287
-348513
-468407
-223278
-444810
-301636
-80871
33435
622303
627595
484566
323691
485971
201768
1071903
257180
152165
456162
743339
832952
1022266
964229
187440
372649
153587
667665
350687
475564
-76334
-24148
-122185
190085
-94818
-85766
-686324
-148016
-164926
2950
-1017722
-717238
-749518
-552803
-1385479
-687174
-431794
-379741
-365247
-131994
-87194
-8048
-74831
-511662
-475775
-294797
214031
185165
382358
539704
263462
2245
389029
373878
761104
723891
137747
653274
361602
140398
517117
627958
271937
573808
538674
150040
175926
263080
406576
171838
-63439
-203823
-450422
-634559
-582466
-106746
-471477
-314100
-497237
-457441
-529753
-358640
-240980
-610671
-385284
-290157
-397642
-469129
127648
-322128
-179952
-218914
188664
-619551
-78435
-69409
234271
385746
131043
734051
246218
704404
547830
634883
537941
591644
148779
696105
575276
405462
735388
210315
31513
328445
252365
92902
34443
-199273
-127833
63791
93239
-306013
-569047
-605802
-177208
-1072258
-442095
-422809
-289742
-572042
-370020
-532591
-673174
-809724
-677745
-516054
-644063
337327
297070
-253358
-653071
-106496
-43987
419275
290608
728828
277795
196225
118977
720803
1273483
918975
553511
408459
61106
597986
972897
543322
712408
391521
37169
581141
349006
109779
-230162
-307622
416215
-113380
-646974
-580775
-456288
-680024
-432781
-360920
-1054564
-1169243
-902725
-783262
-284999
-96660
60296
-664616
-1081198
-439002
-684501
-397377
10951
-45346
-153564
-130418
-206554
369135
513850
167788
535271
645846
253559
988056
482063
434132
711527
1099929
653738
939099
496416
136987
526674
519298
457763
156315
385048
297969
32148
-107528
41702
220416
-324242
-430667
-489870
-290610
-622687
-504003
-367469
-623185
-658132
-586668
-646084
-703542
-472104
-810214
-825107
-808790
-335508
-290971
-262023
-642495
-250409
93070
-86437
47813
358015
94268
587088
614992
483125
766786
762893
832503
802322
305760
38979
696590
936585
815358
736179
431313
181836
549750
190275
205356
99915
-13498
-326472
-449944
206831
-305170
138539
-400310
-562685
-829985
-245651
-678085
-715090
-496659
-762318
-723393
-717577
-891153
-614573
-616482
-1125662
-433421
-238616
-621355
-615311
270444
-122621
338226
196657
92937
797117
1044908
525181
548212
963834
894620
777383
539976
497654
578137
782778
743331
896104
602635
815641
209878
317476
-157187
359328
436236
-48169
100053
90017
-30346
-90158
-387251
-410668
-567746
-688981
-779248
-1052945
-1060417
-581663
-1013392
-1007669
-604146
-686216
-403676
-576003
-722468
-444516
-369798
-570241
51237
-430737
441635
616741
240458
75853
476563
169385
503540
882351
584203
800204
516970
345043
779665
701034
-24404
823711
664091
525194
383753
351291
78072
525742
30022
83258
41832
-146525
90965
-80382
132979
-412501
-307434
-599109
-713388
-1123341
-664427
-690962
-532774
-93789
-470577
-480664
-1008813
-789442
-91330
-148263
-97580
-73817
-57223
-244896
23117
150171
277416
-210914
-7888
93977
414878
558003
599415
321214
499294
441137
240588
811062
876915
784840
185488
-18974
-27868
365775
232395
-73978
-123377
-1410
256023
233151
-286365
-640482
-338292
-136299
-24050
-132463
-460471
-686927
-881019
-820719
-478939
-499073
-284396
-61097
-560505
-597845
-360396
-600664
-760703
-250802
516949
-94162
266569
173633
776619
743725
687442
245342
601864
666078
864149
609860
756329
715157
836677
439479
718226
277634
384152
454297
381986
91411
420464
339068
-335605
-245212
-117086
-54992
-235777
-570596
-225727
-492395
-1190631
-775005
-617903
-1323315
-1181770
-797522
-699312
-58491
-626604
-954535
-898499
-44437
-418432
-78068
-340363
338343
-111059
-95373
-135145
-7001
133312
253784
648521
667745
725000
435711
1124714
636737
704907
726317
812268
783041
1043890
963986
577349
744854
807403
30817
323669
258997
-56794
633933
149063
-117131
-152749
-694178
-975269
-319278
-606791
-529629
-689213
-664560
-891911
-1104074
-1148740
-160183
-209876
-822610
-855726
-436557
-576848
-464761
-76193
-82415
-226957
-141306
-16856
-98070
236574
402793
968400
847289
957202
997293
822947
465583
466166
401021
887460
1437344
1041360
156681
347030
629660
-71049
55751
-49431
-426577
-75053
-392508
-207604
-358035
-530359
-672750
-571308
-865398
-337893
134461
-289308
-897225
-658507
-1168027
-793796
-1064811
-425697
-383877
-96222
-151187
-216168
-700614
-676720
-219646
113445
358279
36524
104519
551954
777799
368456
168875
987622
1199246
1318443
715602
845259
591020
410340
283322
586991
500311
258866
492531
662599
845798
288918
99267
-877089
-776814
-495399
42701
-19992
-325589
-859166
-466317
-400900
-560155
-758326
-296178
-600462
-633516
-459215
-462943
-976814
-1064775
-340653
34365
-420504
-487260
-374793
11381
-129820
-95661
421023
434892
-83441
317201
476234
661688
610487
407293
1073435
734168
307838
37793
483052
571001
921379
577363
311356
-32850
26066
206231
886430
853474
310273
-101636
-230208
-224700
79096
-490706
-874438
-373515
-108918
-331833
-254960
-732345
-523919
-361999
-566539
-693166
-1062777
-1137928
-772245
-579558
3544
-23792
-411765
-286851
-261280
456584
604016
502654
-436863
-306370
131028
574924
603990
594852
573091
1161789
934071
585837
604294
641628
409390
640516
825726
884441
586037
439101
157528
-280164
-52553
-253955
-285836
-100529
-80269
-146883
-446801
-1382922
-933554
-111832
-318218
-712227
-927444
-923371
-482082
-773311
-838633
-687187
-946095
-505187
-129181
-323198
-497854
-176257
-25060
166975
-40837
201832
329911
661551
825286
220969
916414
803182
947724
685433
1057565
971356
1134389
758235
986070
606942
493476
839815
875801
504358
187040
68226
-166415
-85074
-235288
-9355
121894
-761233
-669948
-851298
-870250
-456728
-631336
-339867
-758738
-706981
-1289223
-1132753
-1131591
-943501
-816962
-535198
-384173
18194
-628016
-443643
-102349
7623
59862
85999
421925
60545
-3398
310378
803732
282754
1089639
1116690
706042
770380
706510
782464
394880
577392
481377
342047
476789
638507
640765
653478
37335
270114
-130735
-152383
-272908
155149
-276894
-514500
-535133
-803004
-163242
-760942
-866129
-591695
-513647
-762320
-189635
-691988
-880672
-484460
-929097
-449280
-523777
-427921
-90013
656622
290982
255259
13524
-1182
15290
-71288
892609
346284
688706
1107918
410998
230508
539280
617270
759571
772542
800000
631134
302497
188436
131757
33925
179977
273235
-263679
-539246
-171421
349848
-236098
-449118
-711647
-700672
-42578
-196573
-444261
-239967
-330914
-1096233
-607099
-301177
-309116
-223671
-537059
-702682
-351468
-560801
-275061
-232715
-393375
-332111
-392670
348730
694055
572523
594565
282380
552338
605838
1057964
940715
999104
844150
987535
215223
72956
670803
549970
327358
553022
455931
-30725
84119
506053
-84921
-180399
-688161
-757685
-822000
-249420
-349365
-416427
-282088
-962749
-683992
-576044
-341950
-626324
-783760
-877440
-306773
-425935
-553387
-227536
-245188
-285414
139389
71140
-318773
67314
-270310
131379
583235
339299
349562
1143479
239340
296454
1510482
1112698
778234
610755
460288
-74816
501537
718756
733596
334611
33306
-180514
-49132
148962
467256
273175
-271659
-710906
-685563
-658359
-650223
-154303
-107381
-653495
-900504
-645330
-995171
-530713
-330353
-727160
-460943
-463143
-788447
-3526
-424086
114814
546064
664181
-164420
205888
344239
430909
545512
325006
566134
216609
374270
247761
889339
534798
773373
392006
79086
898813
412823
864533
32403
290207
464916
207059
82290
-282513
-375518
-126032
-328889
-669073
-237743
-1081506
-603598
-502444
-668079
-381813
-155879
-915852
-674796
-783081
-1163602
-662028
-753971
-334903
-338630
-287397
-227306
265618
-137774
38867
254806
-58409
-224394
295433
720773
815221
1168986
942363
375952
484210
939887
838004
967822
782896
488440
316588
803166
394276
-3676
363756
377000
-81862
152364
-81015
-199357
265939
-76061
-122940
-284437
-811770
-642895
-639649
-1520002
-962873
-181563
-828725
-135016
-559271
-709339
-445797
-817318
-510786
-273804
-361739
-298822
-67978
-73794
496807
824659
47302
-107376
