126203
453334
228286
35578
278
-493194
-110734
215552
76133
-656868
-483524
-316857
-307170
-251741
-240638
-242616
-402619
-479490
-383391
-614752
-222773
48574
-684240
-657348
-355588
19703
-146035
-294729
-104677
-170601
33380
254584
102817
-50739
221347
549408
287437
568898
765732
477623
40876
467111
654134
756678
729682
468177
431512
-139373
6340
100515
327591
354767
308716
16158
141580
394387
-338757
-720180
-252092
-428789
-632961
-295940
-212368
-316254
-561815
-519210
-302499
-49230
-152176
-638565
-573831
-418689
-282766
-167964
95369
-445475
-221828
-52913
-283027
31632
111652
191374
308311
332665
785256
516729
196746
143041
2936
168288
471411
691778
576445
681551
-308157
-295999
372973
540208
146510
-238516
-20455
157155
-244504
-421090
449802
300459
-175906
-78045
45837
-98809
231667
-79065
-644567
-461945
-599048
-803423
-159797
-281137
-691719
-333923
1510
-252330
-197475
-911243
-389964
54356
16357
389627
160868
215960
42542
126200
-49263
359983
508419
464013
459732
-210012
257854
347678
236748
38799
-18638
228772
223473
505461
277088
359806
501922
426220
-292184
-204396
213125
225819
21207
-51411
-376453
-626623
-338938
-329233
169703
-100813
-9193
-443456
-495266
-81341
-614267
-526248
-140640
-93335
-439068
-477718
259044
85613
-152574
190301
44710
-118600
122623
465680
3351
-209530
187016
309305
130859
208339
261370
356234
706070
524056
472584
485303
315275
384949
-83906
320616
450857
324570
-58150
-343655
-158509
-438505
102420
30944
-787900
-505732
-321542
72073
-720096
-527928
-60839
-216040
-477558
-244267
-390053
-702990
201280
-93488
-284469
-262202
-428338
-530574
-442261
-68287
204337
276240
415006
319524
254829
583126
264318
489966
630714
502373
206744
343223
641069
633055
87153
557871
795394
21521
-26745
286810
95631
-85741
298702
33289
-441283
-279765
35557
-573567
-686121
22083
-79888
-606758
-361156
-212680
-443502
-493728
-548676
-399345
-577784
-382209
-156043
-317128
141815
251638
-244241
-212195
225967
60771
-245516
-288934
24725
101922
311254
746304
557428
-118464
172455
677434
411527
303965
497808
47899
-163507
537225
386391
119992
265842
-84743
-893
103108
333039
70638
213614
-37900
-1680
-226304
-356420
-53952
-229130
-74190
18091
-28471
-179043
-120078
-317255
-608776
-177606
-560480
-387828
-271676
-371971
-585830
-384278
-114191
-148225
-14655
-412085
17829
-60509
-159358
207174
153604
288602
238054
532297
605472
906790
686888
223740
286016
251182
529647
606478
555188
25512
-30131
89881
-11354
87487
-36339
-161119
51213
126278
-429985
-691956
-38936
-348571
-877697
-415918
-555755
-517439
-98552
69828
-387276
22579
-611856
-539429
-53891
-693269
-173808
-271115
-42178
-170300
-102136
264557
583989
150373
-142117
248812
350742
500555
353710
915699
681723
375840
158418
583583
559223
451755
520956
302692
231775
381011
203260
-204868
203533
169516
37647
12530
-273119
-187182
-470359
-466605
-716
-87148
-210930
-219080
-570597
-926080
-1270839
-786291
-531811
-808178
-207968
-60926
-303399
-359474
-149798
-89492
363279
-10349
-339540
-41314
131467
523067
116243
349061
226866
274998
678549
812994
925311
401198
11565
201243
449715
441516
533158
626917
400352
421351
-7268
3277
237500
169031
17019
26705
-44123
236139
-184098
-917084
-767292
-530702
-582109
-42774
196463
-300793
-559948
-324800
-511624
-637514
-580188
-242165
-67783
-626031
-452123
-47395
-230910
-621529
35826
-261994
300142
853961
104737
187884
-180827
-159525
336319
783918
869358
524836
565108
654471
616727
450164
516181
177062
30736
347436
572330
240740
178735
91377
-183162
-347540
-245186
47780
89383
-357196
-422049
-115357
-360023
-101763
-164655
-538139
-535441
-705128
-812161
-337278
-303213
-146656
-276870
-527812
-316012
-304829
-424280
-339772
-85235
-108568
224053
358642
85694
346083
343617
242831
692897
815693
677953
458686
174678
403041
678056
169877
336224
419351
211484
353906
307663
-115735
-133560
205648
317959
295768
15196
-87758
-166531
-425359
-451611
-330716
-491892
-167679
-518259
-581460
-448925
-461270
-210742
-634084
-493310
-310698
-191508
-154549
-522634
-65218
331582
67925
-400771
285006
602763
332177
127673
198953
334393
350296
66821
403061
375332
185518
237975
143914
393529
345321
25615
554211
577912
149257
90367
122292
242989
-56385
57398
-9953
-108608
-208026
-280577
-515327
-396200
49665
-180645
-415583
-295189
-330617
-555024
-941652
-619065
-118406
-493759
-486003
-207744
-29814
74765
232540
-304568
-258419
-43860
-63750
102018
214997
-54117
143914
475360
459878
555894
378010
467500
577107
157836
371217
733964
411322
135304
398127
563887
413474
196615
-198945
108736
46266
-47427
-178590
-107752
-145507
235559
-280246
-438171
-138782
-519301
-333046
-326709
-230757
-273169
-254951
-644352
-607410
-267303
-515399
-485720
-161813
-37817
-117148
54826
-301653
-634032
-192930
86757
355363
201111
342687
-29811
398544
624048
120708
126909
597037
819332
721032
512648
397498
405593
404248
374486
221025
118822
140431
138286
175341
237152
407435
-84295
-676069
-501474
-416213
-490170
-12454
-504773
-670615
-137109
-272269
-591579
-661123
29734
-258126
-337918
-301453
-494096
-773908
-515222
-104335
-24210
241017
261740
142732
-326726
209746
195144
390249
573145
643163
519548
345269
199379
115275
363532
523776
585304
-124327
220992
204397
91268
336713
222928
-87732
-297657
58907
56740
301749
107744
-110213
84425
-281834
-78047
74354
-221359
-240772
-138870
-493765
-729641
-490776
-549068
-383177
122614
-413913
-594623
-422398
-450971
-465267
-210675
111119
197289
246489
-79429
77733
-13772
-187515
426060
262984
258728
335424
589607
17871
319341
352398
263427
314171
306717
240991
-188870
144561
355327
201412
-262229
104579
34254
532970
394553
164609
-147499
25967
-145740
-442435
-504604
-660503
-397214
-592422
-441869
-261919
-584663
-321600
24927
-288196
-471465
-120159
-7640
-385247
94464
54004
-159939
372185
453428
106932
336815
677094
332971
104619
578646
1143743
283060
-85903
464556
-134213
-80341
807149
784883
345491
219001
258118
-49074
36732
489480
32340
134168
200152
-263481
-683969
-213517
86717
-536358
-836572
-379998
-306776
-676962
-105768
-442739
-302405
-62688
-191608
-723729
-564520
343341
-36877
-304969
-121107
-72461
-185140
-85533
540957
283187
60289
283641
377023
384281
53890
571891
345013
487547
413592
266245
304413
780032
517584
209353
351392
191533
736477
410563
220009
458966
-20234
-154823
-17092
-86914
-739768
-478845
-560235
-835726
-35192
166156
-512904
-484010
-195055
-388599
-608495
-162149
-375665
-765419
-712310
-207855
104706
24766
23747
-148520
-461430
218882
75463
-159394
-303430
198615
127782
269047
694974
414841
-70826
148015
720485
456237
807469
1040251
777636
144877
-50133
226985
575830
456975
87127
-174651
-551006
-322027
75301
61915
106028
178823
-391447
-581767
-621152
-482956
-319329
-306434
-255477
-299518
-311969
-218139
-117640
-629242
-765053
-691424
-505899
-283110
-382147
-2196
-197396
419204
243337
156899
-55560
-34177
77707
139242
804769
713646
808615
450404
430637
169569
445684
652030
351374
216971
209289
615391
333732
261315
245227
-160827
-138783
-256990
138281
84313
109094
34337
58029
-597274
-567386
-127868
-254213
-391670
-463110
-414333
-437883
-602101
-273596
-501122
-631861
-330160
-317160
-226289
-261493
-243877
-458919
-40711
-125586
243309
479319
458853
269245
133332
182571
305677
449176
-166135
236589
343064
507326
616488
702029
191671
179056
205066
240337
424908
474176
77374
-160347
-8264
35321
-69699
-74179
-351906
-321183
-149839
125451
-180292
-565694
-274689
-247624
-773593
-869851
12639
-216970
-333224
-62671
-46056
-68378
146046
-118547
-335869
-293644
-29880
132436
195531
164940
187351
-160775
-34380
452744
324113
503666
285548
259593
462793
22609
246758
272288
221167
23972
308153
287955
212560
5318
118341
270967
-20218
-208592
-343966
-297436
-608304
-158726
-173506
-347909
-22291
-259736
-151528
-178822
60136
-213471
-207005
-255660
-180932
-207726
-115813
-24143
-152788
-144353
217744
-167442
-303638
126191
-22328
205283
-85038
260972
313124
320806
534303
199221
312269
313223
272609
147487
642773
236335
315570
322908
-54724
54707
3140
35420
-131081
-63209
-123713
81670
149196
-197646
-289974
-518746
-204099
-467098
-604929
-160351
-92876
-44640
-308331
-51477
-381143
-528760
-405984
-410214
-579972
-173949
319776
97401
-311067
-226997
187391
231944
330124
450267
300604
76744
221710
217035
795249
763743
229218
243782
52944
87018
614311
502980
312279
396177
-177888
219790
334315
66714
-88270
-429291
38098
135237
-270372
-395515
-80650
-276384
-549999
-355796
-427208
-779012
-604701
-624843
-409351
22187
130273
-258527
-553832
-337436
-319459
-314276
41170
121117
-58105
-309250
-246893
212914
505032
405274
30864
314829
151958
449756
522317
237885
367552
664155
457946
360986
705318
76136
341015
516957
307358
158080
218437
301882
-19667
-189248
-64161
105359
-55710
-369039
-190890
-335635
-276634
-155936
-98245
-493929
-473053
-428507
-447791
-263568
-325392
-491392
-686052
-646872
-367793
-131765
-147340
-437074
-570917
-17039
57059
-141148
164349
196553
194273
544329
439535
471777
558264
540363
571105
202828
-64797
263107
785723
435555
362718
335601
27688
320325
338334
-29411
79096
-8378
-119297
-341058
38376
-173981
145392
-42985
-392196
-356340
-357761
-171901
-590512
-215056
-373134
-371648
-575627
-634493
-432527
-483586
-646367
-492144
-56060
-307509
-555960
65380
285204
54481
323299
-33685
131543
807407
507349
99135
499715
464078
511733
429494
197946
327626
470610
463760
622024
517572
386141
310949
7063
-50713
130733
423597
-63631
286721
253038
-135985
96176
-53556
-261830
-323494
-493702
-586010
-543914
-603544
-495174
-482466
-878967
-419460
-450744
-451385
-178314
-443956
-541214
-342252
-287546
53513
-111030
11560
404438
179869
8535
166502
202690
62977
638665
389899
360004
563960
310507
230469
380001
11314
21809
658630
286574
289859
315871
-26951
391508
448268
-127730
280709
715
-143725
84228
172370
-188843
-359956
-143080
-586854
-455231
-474671
-363669
-276009
689
-90559
-268276
-391979
-647524
43380
-192186
-195186
-85130
30992
-153420
-105769
112652
154334
-175509
-259903
90008
180077
468927
330006
183270
49543
247041
89003
319336
448001
592291
163962
-81730
-120248
40119
370090
127893
-54011
47252
205854
137805
-29780
-318536
-303921
16876
15570
73104
-248993
-434771
-505630
-596736
-348495
-284557
-48986
80228
-166254
-457241
-259329
-328346
-509066
-438596
366986
105829
42768
308075
356205
585714
426546
282694
148668
475546
486000
353588
280905
325767
474519
310981
369799
375602
8156
295883
281775
33748
-17848
489515
-31849
-380501
32577
14941
-180445
-321519
-263999
-145511
-682877
-702450
-335764
-776435
-1081148
-380008
-559610
-44158
-15160
-574550
-738208
-91854
-89003
-268664
9097
90184
225205
-56975
-30816
-88724
110335
2041
421769
433053
405113
398791
412214
472012
422490
375751
177849
654931
666539
579586
364947
358111
640267
89829
-14446
472859
-56790
282529
402310
-153835
-154384
-200581
-651253
-574989
-243951
-244953
-497779
-491303
-452739
-620779
-848456
-212520
237026
-332979
-717738
-381987
-409012
-488162
-26510
35629
-258864
-58040
-5345
-120416
68734
242230
446080
670458
471872
664759
723109
351333
300570
197877
319493
881070
970739
178380
84846
357124
-11216
-197574
198922
-497918
-246026
4100
-231052
-211336
-241574
-467841
-456615
-388528
-362528
130036
173220
-534097
-393320
-626416
-837787
-385221
-417430
-156371
-81664
15218
-387376
-228336
-550181
-193201
273318
394061
227877
37825
243268
444135
501616
-203981
437860
959606
906809
737267
413561
328446
275158
303516
92775
368124
165751
167235
284998
506340
195982
127494
-363242
-571621
-325336
-117896
-62322
136974
-436539
-567573
-182584
-325314
-523330
-269018
-224937
-510702
-271783
-163830
-568986
-726733
-283596
-17425
-280223
-418309
-195650
25582
38203
-26058
178649
378180
171637
-1128
251153
198906
431442
250829
459166
670622
197276
-756
50340
443134
564840
558371
269479
-57146
-60483
-15228
262030
644198
347256
90133
-20254
-121819
149660
-65151
-734503
-527997
59547
-217100
-216633
-33503
-379315
-281140
-334642
-499857
-446956
-736510
-552156
-279488
-300894
18551
-342724
-306778
-230220
184296
471929
362944
65627
-437725
-24359
322972
314452
376478
580848
648137
557106
295630
334106
397113
385880
461585
556361
589525
486349
229642
262494
-345563
-337320
-90503
-148660
44342
91977
-34867
-217022
-580236
-903613
-102799
-51626
-590364
-513796
-593197
-369189
-354927
-642524
-453590
-474382
-386244
-150477
23829
-455638
-419310
2717
-64107
-75315
125838
254462
189383
748112
192317
275133
719668
473396
621522
550022
646155
710220
615621
465002
633049
146908
444194
720636
446684
227118
-94646
-231291
-183446
141008
27495
93779
-55472
-538809
-456456
-698960
-275794
-245873
-182019
-296980
-648312
-737737
-912575
-722568
-720599
-626551
-449075
-249468
46858
-170323
-631782
-113369
-4364
-118243
-71197
228556
231296
34156
-24
477424
380654
336303
923950
554309
512274
299419
523622
163823
236411
530806
230469
496793
444436
478606
388859
52596
119285
27783
24651
-71016
59329
121834
-435965
-262328
-526544
-119544
-93481
-686365
-444826
-264491
-378651
-397317
-33540
-613368
-331061
-433789
-496496
-429675
-451263
-114832
133542
389726
66686
146166
-148804
113279
-47143
315887
197384
187264
820089
512109
28630
29299
210927
387558
350286
517027
595116
331708
108779
101990
-126439
-108655
261126
-67290
-241346
-382044
190883
112531
-263787
-126090
-499947
69842
151554
-199057
-49745
-129859
-683891
-782135
-79648
-108790
-953
-158112
-384733
-248238
-362152
-113836
-71886
-288701
-382850
-400795
-136802
453295
535511
365830
198393
283513
304966
408561
649767
609264
486934
556386
183030
-239864
348653
389123
176011
257502
351166
43491
-188994
352157
170394
-277563
-329017
-538353
-483991
-273852
-68538
-300362
-71677
-373117
-545055
-378973
-195542
-144510
-406205
-541459
-208665
-24344
-423629
-226777
-100933
-253889
70350
299326
-209583
-149589
7333
-200908
342701
470803
48433
443315
523325
-164179
727953
979128
451385
371650
262692
-197260
-23988
574751
466761
496688
-87724
-246826
-15236
-35882
306819
509269
15639
-557107
-405439
-337933
-428276
-121712
-6377
-305616
-605203
-503761
-442363
-316189
-212559
-324661
-433885
-252480
-427145
-78365
-74716
-221955
227265
399869
152724
-155871
305300
254327
470952
160151
334691
436386
83045
73011
457890
578738
116179
555213
-119247
317056
479913
563726
467794
-54903
282367
-84547
91511
-276884
-157370
-101143
-150947
-395592
-125320
-481977
-605886
-184956
-428797
-264713
-43689
-449059
-654436
-345788
-824738
-624806
-314233
-305139
-259166
-124606
-200599
89258
220799
-145892
27662
119690
-45956
-118511
585624
399696
665119
935974
231924
314912
593705
527073
564960
498355
389599
275287
518261
543166
75724
-178326
226376
-20635
-122617
136862
-34555
-115678
15800
71758
-99475
-414655
-359844
-367024
-930763
-1101474
-211787
-297137
-276765
-101091
-600647
-409070
-455908
-273180
-289555
-114159
-172889
-157188
-97417
