2267
1967
2104
2064
1969
2007
1911
1751
1693
1840
1809
1713
1939
1850
1692
1738
1734
1564
1673
1744
1742
1823
1938
1950
1910
2113
2080
1937
2035
2062
2209
2391
2393
2261
2224
2400
2481
2252
2293
2304
2194
2244
2324
2207
2198
2155
2009
2068
2048
2072
2017
2030
1910
1912
1901
1688
1507
1866
1555
1659
1686
1641
1802
1664
1813
1702
1929
1779
1819
1742
1965
1866
2217
1784
2184
1729
2165
2192
2336
2116
2183
2386
2365
2614
2760
2524
2624
2606
2754
2580
2671
2337
2630
2272
2225
2269
2368
2249
2218
2027
1814
1754
1916
1856
1743
1907
1490
1652
1639
1833
1648
1941
1688
1881
1613
1828
1605
1800
1816
1704
1725
1763
2057
2092
2141
2098
2186
2081
2313
2354
2400
2562
2491
2397
2320
2285
2285
2365
2339
2296
2256
2331
2118
2154
2085
2110
2056
2026
2145
2058
1894
1900
1749
1852
1997
1774
1804
1792
1707
1606
1545
1541
1785
1764
1810
1688
1662
1632
1783
1913
1883
2084
2241
2104
2234
2172
2220
2236
2203
2234
2398
2403
2332
2296
2394
2464
2308
2308
2266
2235
2306
2042
2130
2261
2174
2147
2000
1902
1997
1961
1790
1804
1709
1683
1849
1765
1711
1845
1789
1687
1800
1845
1816
1780
1784
1905
1896
1839
1952
2054
2056
2154
2248
2198
2116
2148
2170
2330
2432
2403
2398
2447
2291
2333
2345
2378
2427
2318
2066
2056
2129
2112
2171
1926
1915
2075
1953
1865
1873
1864
1625
1555
1628
1697
1778
1671
1746
1850
1836
1809
1830
1850
1870
1983
1841
1726
1847
2042
2153
2360
2427
2285
2263
2229
2112
2222
2290
2266
2406
2308
2240
2348
2392
2389
2244
2012
2072
2076
1972
2081
2140
2058
2044
2081
1948
1887
1824
1708
1740
1650
1659
1720
1826
1834
1872
1843
1567
1488
1684
1924
1935
1989
1874
1734
1690
1732
1931
2298
2440
2429
2271
2130
2164
2292
2281
2403
2469
2435
2546
2516
2253
2313
2370
2235
2307
2342
2170
1976
1958
2070
2057
2115
1975
1921
1979
1925
1702
1718
1620
1442
1490
1597
1810
1867
1672
1529
1693
1868
1911
2014
1960
1730
1802
1989
2068
2152
2328
2240
2177
2198
2273
2322
2510
2607
2385
2399
2421
2338
2326
2327
2371
2378
2394
2348
2214
2131
1982
2096
2133
2110
1937
1808
1869
1900
1849
1724
1746
1744
1837
1807
1759
1841
1660
1735
1685
1736
1878
1970
2040
2128
2113
1994
1937
2070
2210
2183
2260
2262
2377
2432
2344
2304
2442
2364
2290
2342
2289
2319
2399
2359
2245
2136
2081
2076
2063
2129
2073
1791
1642
1787
1755
1814
1880
1862
1816
1746
1502
1551
1794
1829
1815
1783
1873
1830
1742
1919
2076
2072
2078
2009
1992
2164
2209
2065
2150
2226
2154
2372
2494
2528
2576
2482
2319
2414
2380
2355
2444
2465
2315
2102
2117
2161
2016
2068
2183
2026
1883
1732
1776
1793
1709
1704
1673
1840
1822
1696
1633
1696
1675
1600
1622
1746
1970
2015
2082
2002
2120
2060
2095
2304
2169
2200
2391
2210
2309
2415
2441
2374
2361
2232
2339
2272
2428
2393
2373
2416
2277
2192
2158
2261
2173
2134
2141
2075
1831
1997
1869
1684
1751
1750
1730
1643
1630
1475
1517
1483
1521
1549
1726
1616
1683
1957
1812
1934
2062
1982
2078
2240
2278
2073
2192
2321
2186
2256
2389
2342
2400
2588
2444
2356
2362
2338
2360
2399
2358
2237
2300
2210
2036
2128
2150
2154
2019
1825
1783
1856
1729
1777
1810
1715
1689
1583
1594
1558
1651
1431
1611
1794
1795
1862
1878
1861
1951
2007
1956
2074
2157
2189
2267
2343
2497
2502
2488
2483
2400
2333
2447
2476
2384
2358
2192
2078
2232
2268
2052
2132
2089
2041
1936
1801
1816
1727
1850
1781
1748
1831
1711
1501
1625
1612
1572
1745
1805
1947
1839
1807
1809
1775
1857
1890
1945
2129
2284
2260
2313
2382
2350
2343
2508
2462
2473
2376
2277
2359
2496
2505
2346
2360
2328
2311
2198
2300
2391
2336
2257
2072
1985
1886
1839
1771
1770
1855
1809
1699
1747
1648
1588
1534
1689
1773
1684
1741
1739
1713
1820
1958
1876
1945
2148
2130
1914
2144
2250
2235
2332
2241
2225
2420
2236
2139
2183
2429
2495
2453
2510
2467
2339
2367
2281
2213
2222
2119
2068
2084
1960
1899
1855
1834
1869
1908
1942
1850
1777
1702
1583
1811
1764
1703
1757
1789
1894
1877
1989
1909
2019
2001
1892
1880
2182
2285
2201
2300
2238
2379
2395
2326
2330
2373
2529
2556
2370
2186
2280
2236
2370
2403
2389
2080
2041
1916
1832
2011
1986
1989
1879
1829
1749
1618
1626
1642
1724
1757
1840
1843
1848
1733
1782
1919
1872
2071
1982
1990
2002
1950
1911
2077
2160
2306
2304
2246
2325
2428
2202
2209
2307
2495
2551
2622
2409
2346
2354
2368
2387
2375
2401
2267
2213
2167
1947
1974
2098
2081
1987
2061
1767
1722
1936
1865
1844
1913
1818
1606
1816
1807
1787
1765
1614
1776
2010
1999
1757
1977
1950
1812
1972
2122
2299
2281
2081
2034
2130
2376
2454
2388
2389
2438
2396
2336
2300
2202
2384
2474
2433
2360
2352
2122
1974
2043
2133
2218
2167
1877
1822
1809
1745
1743
1763
1744
1664
1745
1771
1658
1695
1779
1676
1615
1847
1916
1914
1957
1893
1996
2073
2182
2120
2050
2188
2183
2205
2194
2256
2296
2411
2446
2459
2320
2174
2131
2192
2426
2313
2256
2218
2195
2197
2134
1979
1899
1906
1799
1725
1696
1751
1760
1777
1720
1546
1531
1656
1721
1680
1696
1839
1860
1899
1886
1957
2088
2233
2214
2263
2136
2109
2211
2248
2313
2368
2266
2167
2338
2362
2437
2506
2462
2405
2346
2274
2223
2152
2244
2317
2130
2052
2100
1971
1872
1955
1887
1822
1671
1693
1604
1532
1606
1607
1619
1820
1729
1613
1673
1737
1690
1730
1732
1860
2010
2080
1995
2201
2180
2148
2323
2316
2412
2413
2247
2298
2424
2447
2437
2501
2465
2438
2234
2128
2058
2052
2188
2073
2221
2215
2102
2089
2002
1991
1905
1833
1932
1818
1668
1771
1830
1854
1843
1768
1820
1881
1896
1864
1946
1840
1706
1656
1859
1841
1974
2056
2102
2156
2012
2165
2300
2312
2268
2351
2208
2242
2367
2384
2377
2318
2356
2243
2253
2133
2164
2180
2085
2046
2012
1893
1940
1947
1851
1816
1754
1685
1798
1763
1761
1772
1842
1755
1746
1845
1789
1811
1965
1867
1736
1911
1964
1970
2145
2214
2206
2198
2116
2187
2244
2393
2456
2532
2479
2592
2452
2361
2504
2340
2420
2382
2360
2294
2206
2099
1932
1896
1943
1918
1805
1791
1727
1671
1683
1733
1636
1700
1749
1691
1591
1498
1654
1736
1747
1746
1946
1917
1919
1866
1864
2092
2121
2203
2412
2246
2108
2198
2108
2306
2551
2544
2486
2441
2352
2340
2434
2357
2459
2494
2323
2248
2187
2202
2078
2136
2080
2076
1974
1749
1696
1759
1839
1788
1818
1794
1656
1804
1675
1600
1658
1721
1881
1913
2067
2042
1964
1810
1864
1961
1956
2256
2246
2084
1942
2072
2189
2231
2250
2279
2395
2291
2379
2373
2309
2353
2376
2310
2435
2359
2206
2225
2181
2088
1984
1943
1719
1687
1825
1941
1862
1774
1771
1747
1706
1549
1595
1552
1694
1836
1741
1778
1984
1971
1797
1838
1908
2036
2253
2107
2049
2281
2347
2152
2396
2370
2278
2496
2417
2300
2440
2404
2305
2373
2512
2437
2375
2320
2113
2105
2186
2122
1995
1914
1877
1793
1741
1841
1821
1759
1814
1718
1606
1642
1660
1643
1592
1593
1750
1870
1852
1902
2074
2144
1980
2012
2108
2100
2224
2228
2139
2360
2378
2286
2358
2387
2506
2450
2464
2364
2250
2231
2311
2330
2308
2256
2205
2207
2212
2260
2020
1964
2063
1915
1924
1812
1832
1845
1762
1654
1555
1653
1700
1611
1589
1601
1501
1816
1907
1864
1917
1861
1962
2080
2016
2037
1999
2120
2302
2223
2172
2299
2354
2486
2529
2355
2215
2319
2389
2240
2264
2431
2289
2322
2249
2054
2128
2153
2047
2102
2059
1809
1867
1896
1841
1925
1866
1693
1710
1818
1687
1720
1855
1773
1826
1771
1793
1852
1873
1984
2196
2224
2140
2093
2058
2171
2101
2182
2324
2400
2308
2352
2274
2313
2377
2356
2200
2273
2310
2107
2123
2079
2020
2059
2206
2152
2054
2000
1861
1726
1833
1873
1800
1926
1897
1730
1771
1725
1625
1603
1689
1747
1845
1911
1760
1769
1934
1997
1969
2155
2206
2095
2170
2126
2317
2437
2423
2452
2432
2457
2450
2404
2418
2324
2316
2408
2282
2380
2344
2189
2078
2107
2054
2090
2018
1888
1833
1790
1823
1763
1742
1595
1696
1717
1733
1751
1611
1507
1647
1749
1735
1803
1712
1672
1708
1973
1993
1976
2150
2172
2148
2230
2373
2342
2365
2376
2418
2480
2519
2448
2391
2390
2322
2379
2352
2369
2304
2193
2214
2269
2225
2132
1963
1844
1920
1773
1687
1673
1671
1701
1672
1736
1811
1766
1705
1559
1604
1805
1791
1796
1848
1821
1880
1923
2036
2120
2069
2056
2272
2178
2099
2404
2358
2314
2426
2396
2239
2322
2250
2279
2543
2494
2462
2348
2204
2145
2130
2156
2182
2076
2058
1956
1890
1874
1925
1817
1741
1844
1781
1777
1709
1572
1700
1793
1785
1845
1807
1691
1667
1824
1829
1885
1976
2138
2124
2138
2136
2112
2167
2289
2332
2350
2416
2506
2368
2312
2295
2344
2450
2399
2330
2378
2200
2112
2159
2187
2201
2128
2090
2059
2016
1929
1885
1938
2042
1973
1780
1772
1636
1672
1677
1596
1685
1781
1825
1815
1856
1746
1843
1888
1933
1994
2035
2056
2148
2222
2123
2069
2163
2183
2255
2282
2288
2321
2304
2326
2268
2337
2383
2378
2222
2176
2104
2099
2234
2130
2189
2064
2020
1897
1878
1985
1903
1888
1894
1845
1757
1802
1702
1583
1631
1715
1796
1818
1985
1844
1832
1867
1878
1990
2166
2044
2124
2181
2176
2152
2338
2346
2296
2464
2471
2321
2372
2502
2348
2407
2401
2310
2218
2306
2198
2167
2208
2058
1995
2028
1804
1761
1945
1832
1787
1934
1818
1790
1791
1785
1683
1783
1793
1847
1861
1787
1788
1864
1960
1932
1861
1804
2057
2100
2190
2196
2191
2225
2352
2263
2364
2368
2422
2520
2419
2363
2384
2334
2286
2139
2138
2315
2280
2263
2126
1992
2007
1964
1962
1988
1841
1813
1834
1732
1709
1870
1752
1669
1681
1714
1779
1845
1735
1597
1873
1956
1913
2118
2050
2022
2002
2035
2028
2070
2142
2331
2207
2202
2360
2316
2394
2350
2354
2338
2374
2193
2238
2242
2130
2186
2256
2296
2152
2226
2128
1935
1996
1915
1828
1861
1913
1817
1836
1860
1706
1789
1775
1745
1737
1769
1707
1728
1812
1721
1836
1985
1957
2039
2061
1992
2020
2232
2128
2218
2361
2452
2342
2362
2387
2267
2354
2399
2257
2317
2438
2322
2169
2153
2136
2217
2138
2086
2058
2030
1908
1773
1812
1780
1708
1766
1756
1723
1828
1751
1670
1734
1700
1757
1872
1774
1746
1723
1722
1780
1973
2139
2265
2163
2136
2117
2208
2328
2249
2247
2252
2398
2435
2342
2305
2337
2441
2400
2238
2231
2276
2046
1892
2057
2115
2104
2004
1980
1894
1801
1805
1660
1636
1791
1722
1694
1827
1791
1747
1735
1709
1765
1749
1903
1915
2009
2135
2153
2105
2181
2116
1978
2122
2246
2302
2303
2322
2321
2354
2314
2272
2309
2272
2271
2308
2386
2408
2456
2387
2275
2224
2038
1981
1947
1954
2026
2031
1930
1908
1850
1763
1730
1650
1583
1595
1693
1641
1614
1835
1755
1699
1781
1785
1775
1920
1995
1797
1916
2133
2217
2161
2365
2355
2213
2353
2362
2340
2351
2410
2323
2422
2467
2411
2352
2410
2393
2208
2356
2282
2208
2176
2238
2025
1888
2017
1837
1778
1829
1815
1719
1734
1708
1701
1670
1588
1540
1602
1510
1373
1579
1798
1863
1986
2017
1914
1949
1911
2063
2146
2312
2389
2396
2420
2331
2388
2442
2384
2329
2376
2348
2268
2280
2334
2382
2384
2249
2286
2194
1992
1982
2038
1915
1912
2023
1973
1987
1813
1805
1697
1632
1705
1698
1754
1790
1739
1693
1809
1828
1928
2044
1788
1817
1902
1949
1898
2094
2172
2140
2230
