-1754708
-162946
707816
1369179
1384320
98262
433218
675165
1646146
1254643
-281911
2772039
244316
375126
1060591
158208
1922804
229278
512631
1257115
-227733
-392430
-491310
-1350845
278924
1682814
-612026
-1087783
-380482
-1198096
-460204
143994
-534982
-1235691
-1440558
-2206672
-1407701
-34608
-1094890
-584010
17098
-1444678
-1342708
-1780252
-57062
-670324
-373272
-324759
-1285955
2536375
57886
416532
1926203
-1317473
472255
198172
1370518
2580150
1731121
1275449
279336
1228687
1688788
1484642
1721336
1017434
410867
736038
-21527
1829383
376053
409219
-25956
-682478
-604713
-1874806
277894
-1176878
5253
-1294195
-1827323
-2096977
-2313483
-458350
-559393
804121
-523446
-727489
-1735344
-1922392
-589366
-261105
-1018773
-1010224
-676298
-465766
-818747
503670
473491
-663629
155015
-28943
374817
808241
1349918
1856472
1389882
1614422
1721027
999615
2061133
992611
629948
1222095
865200
1245785
773221
1218078
1125069
-526227
-1429846
-101558
-579066
34196
-475448
253277
-528699
-2795935
-1159677
-2213058
321051
530862
-1286882
-838111
-1390500
-1104572
-1026807
-508614
897233
48616
-1332614
-819777
-218360
-235149
-487705
-213725
711112
-597709
411588
434145
146981
1671278
1065432
247509
665689
459998
401288
1024541
1459098
1694762
806902
294271
700915
1490822
1011872
274701
386147
-315386
-217845
-878487
-597400
861595
65920
-521489
-1945052
-742836
-1077071
-2471691
14626
-1478359
-621193
-1396268
-3010278
-103927
-1116005
-281911
261929
-14729
-498211
-227321
-249466
-1098186
577521
1146802
-156663
1096847
1892934
1202216
1591144
1537172
1599693
1104057
368019
1546957
1691157
351127
-378937
1128365
678152
-613159
1586612
1674574
545488
103721
-426729
-779710
-1079337
426832
291181
-707095
-32754
-1229202
-1801367
-782491
-1749352
-1727928
-2372502
-1087989
-1183161
-1228378
-11845
-1571883
-876221
-1729370
-703284
-1038755
-71482
562071
-1063578
501713
516751
-63242
997864
1630799
1242283
1258351
1431906
2131482
1724838
1045862
469268
82400
1155248
1684050
1541704
400361
-145436
42436
338046
115154
615116
650857
827502
-249363
-1066462
372757
-1269784
-1604122
-152852
-574122
442179
-934210
-1609375
-1464145
-2591171
-784448
-295301
-302923
-368122
-1234764
-1914667
-825854
-399743
-199099
469371
-302099
-214549
746235
470401
655698
1538099
-561247
286958
695250
1193461
1780973
797941
540750
511292
751179
1596706
1252480
1330657
994259
-881886
744175
-1132588
-79928
873440
-272229
673105
-1336734
-154088
-811434
-1792097
-473491
-548166
-59946
-694220
-647561
-968612
-1085929
-524888
-859741
-685774
-829253
-1316340
-1237545
-1217769
-451758
553625
-547754
-1036489
-871380
95893
261723
617279
556612
-57371
-594413
908254
1777883
1854927
2069579
294786
477508
1516675
849750
2168871
1951644
1291208
1031236
-535703
716262
-266667
-195803
324553
-346389
379555
156045
-412103
-805769
-1670660
-1067080
69731
-344329
999100
-657758
-1535421
-13287
-2262601
643750
285413
-2827453
-614086
-765599
-1173788
-895379
-1521722
-426214
-1182028
1073260
197863
-297876
1501843
-1323447
-439192
293447
1159883
2332641
1501740
1875115
160886
-212592
285619
940390
2378991
874676
750973
1328494
429407
-438162
-283147
1739773
115257
160989
1168535
-302305
-220832
-982002
-1383393
-1217151
-247818
-82194
-1517705
-1222816
-385220
-807108
-962535
-1085002
-970672
-1505757
-231441
-369461
-277791
-176130
-1144742
-1715053
-763951
25750
40376
105884
408910
-1089637
-70761
441355
448462
1796732
1213340
1143918
1026189
952338
-54178
2385995
1919096
1604019
1104160
377392
1173582
-372654
401185
1100452
-426111
196524
1136811
112888
-328776
-235252
-1091079
69010
-660642
-1336631
-1688376
22866
391400
-1937224
-712142
-1704341
-2027761
-1312117
-1021245
12978
-1266900
140801
-1065947
-1627915
115566
-1169256
1076556
677122
-533952
508614
-158414
1030
1030824
1354141
1092109
1454154
877148
1195315
683508
1471767
2078643
624077
1311190
651990
190653
-126381
328261
1164003
24102
-205176
-235252
-851398
984989
638394
-530965
-766732
134209
-730579
-1764699
228866
53663
-2508565
-395932
-1091697
-2227478
164697
-553110
-1008061
-13596
-1538614
-1664892
-1138562
-953265
978603
-914331
272744
179632
-513146
401803
178808
1087474
827605
1236824
996216
680315
633862
382645
1550459
1140313
601726
568251
1538408
718425
794748
1248875
26677
92803
-172319
404893
-551771
500065
939669
-1676016
-646840
-1280599
-1195624
97747
810301
-785272
-124115
-1141343
-1791479
-428789
-967273
589263
-581126
-1537275
-1319636
-351848
-1224052
-545694
-164800
-1263913
-487808
1082221
-59225
813494
-19055
-657449
1537893
171186
1596397
2061133
352363
1217769
-493473
961608
772603
833888
2292059
1204482
1286985
191889
-85593
454539
91258
867672
21733
-1403169
-666101
-1448180
-412927
942862
-1075423
-241844
-1118374
-740364
-955222
-938330
-520665
-57165
-576491
-1997582
-639836
-1805487
-780019
-223716
-77353
-803709
-344432
445372
-473697
1514512
417768
-269654
583186
404069
682993
766938
1307585
1058428
607288
1690230
902898
476993
2220886
136063
89919
-379761
-96408
-67774
248642
1797247
165109
-851913
-1673132
-639836
360603
-169950
-758801
-746544
-523652
-912065
-2195136
-698237
648282
-354423
-387795
-739746
-1530271
-1594440
-334956
313635
-518914
-13081
-1466617
-1197581
1712684
795160
-314665
-257809
-236282
625828
796293
1293886
98365
292211
527566
376774
1277509
2292368
1626061
1734005
1578063
-552595
1022584
-990963
824412
1505345
615837
546106
-1036592
-133179
313635
366989
-94348
160268
-1011048
-1776235
-2607136
-641999
1131661
-1010430
-185503
-1289869
-1907045
-1147523
-1328803
406026
610172
-713275
-2630620
-1490307
-1471767
-174482
-51603
-33887
-300039
-227939
1123009
187872
951102
57371
396447
237106
786714
1083457
2760606
1579608
1506993
1980175
-74778
446608
1494736
1588672
888890
728107
-564440
365341
-351951
260075
938021
709876
-497387
-2551619
-1199950
-1493500
-220008
582980
-883431
-600078
-1181307
-1694556
-2377446
230411
-176233
-130707
626755
-3303416
-1206748
-352260
-324244
-647973
-965625
-793615
-274289
-460616
-631596
776517
1163282
1005177
403142
1209529
760758
2281347
2073390
206000
1935061
1841125
500271
2092960
2382596
-48513
358337
1129601
15347
-816275
926794
907945
305910
-239990
-812876
-232677
-1741627
-950587
-1220344
195288
-1513482
-838317
-1358158
-1973068
-1106220
-1137944
-1622765
-286443
-745205
-1024438
-489147
-1781488
395932
-507996
-82194
-440222
-931017
534982
177881
277379
787229
532922
48307
1209941
1364338
2138486
2386922
734081
1669218
520562
1226833
221862
1053484
2638654
969539
1384526
-231956
12051
110313
-495327
294271
478435
-866642
-392121
-1708770
-1509980
-185400
-785890
-295095
-2050833
-702769
-1629872
-1412130
-572268
-950175
-527360
-912992
-1092109
-673723
-228557
-605846
-882916
-1797762
-460822
-125660
731094
2214397
976543
-451758
-925970
761685
1296152
877457
1585376
1332202
1137120
1902307
719455
1316752
1862034
267594
961608
626961
574328
-857063
396550
674444
-621193
-73954
-1666746
-692572
177057
-1238060
-665174
-189417
-635819
-968818
-572783
-802164
26368
-1145154
-1610920
-1190474
-1231159
-396859
-787435
894452
654977
-1984810
-662290
-1539541
3399
2272695
92082
60976
-29664
-13390
1767068
1461364
1178114
1432833
1586097
365547
2020139
2179171
36050
1139798
666925
1217460
1144742
-731815
1247742
659818
-595958
-479774
-533231
-536012
-1236412
-1292650
-1063269
-431364
-708949
-1787256
-1568072
411176
-68907
-1323859
-794645
-1796320
-2268060
-1759343
-1321799
459174
-243286
-643750
-1632447
-1502667
650239
473182
899499
-669500
-207545
513455
-251423
1127335
1774072
1095405
1040300
1109207
1802706
1702384
1719585
1088813
297464
1339000
1580638
1504212
1803427
2935294
411073
-141934
1038343
-35535
-23587
-1382775
-418077
129780
-241741
-468650
-2654104
-1604637
-443415
-1486702
-871792
-179117
-1362793
-2027246
-1359909
-1208499
-1165960
-879517
-1361248
-485954
-971805
-1060076
-1075011
-548990
1755223
326407
-613056
476581
193125
603786
460410
1189959
872204
468135
1399976
-58298
1197066
1017537
672384
1709079
1104881
1848232
74984
1826293
677225
1096950
858711
-574122
-93009
-430025
306837
-97335
152749
-595855
-1794466
-730476
-498623
-1943507
170568
-688143
-2202140
-32857
-604713
-145436
-128750
-832858
391709
-1012078
-1714538
134106
-349788
1066050
580611
-476066
-338561
-330321
-514073
487602
1564467
907018
1287912
-321875
-824721
874058
1893037
552183
1392560
1370003
-331557
540647
-67465
1558287
1449931
-232883
-509850
-1006928
-68907
-421476
-559496
382851
-863964
-160165
-811125
-1608036
-358234
-1384629
-1180380
-168714
-225158
-1119198
-511704
1073878
-1040197
-351024
-1411409
-761994
284795
-463191
583907
-731609
546518
104133
-846557
800310
1055441
887036
738716
407056
-171907
243595
2316573
1579814
721412
2310702
-89507
736347
515618
749119
917421
612541
1272359
-208987
991993
-536836
-410455
609451
252865
383366
-114330
-709258
-1899629
-1160295
-1041021
-1218696
-1773969
-1833091
-1636876
-213931
-1778398
-822558
-76117
-1895097
-1287809
-1781179
-606773
397889
495327
307146
225364
176748
137814
472667
903413
1257012
493782
1300890
914434
963565
468032
-36771
1561377
765702
1191813
1173067
1031648
1438601
571753
1203246
1251141
736347
1432318
299009
-1724220
247612
-516236
-1055853
-619442
-1078513
-921232
-667337
-1071200
-1740185
-1100143
-1608963
-1793436
-1294195
-257912
368122
-1281938
-826472
-1382775
-1612156
-406644
541059
544046
249775
-906915
-1028146
457423
-62933
2018697
947188
1171419
941626
929781
-220214
-302614
2067828
276040
1765008
1436747
1167814
534158
1032884
1375256
1525327
1324889
516133
-28325
-665895
1228378
-1584140
-1746262
-232574
-823588
-487087
-433836
-79825
-883225
-1580638
-1337352
-1600929
-416223
183340
-1064917
-813597
-1610714
-781255
-491310
-761479
325274
-1223125
-394593
-89507
-1510083
1086135
114536
157178
1621838
518296
1101791
1153394
39140
137608
1149892
1296873
1860077
1692805
1429743
1198405
-170980
597606
311678
-48513
884255
749428
303747
1034429
-131222
-81576
-50882
-257088
-154706
-696074
-153573
-1905809
-1199744
-660951
-1127438
-256779
-1186972
-1850395
-1247433
-499035
-740055
-888890
180147
-838935
-1900762
278924
-63860
-853046
1466411
-56753
-264401
179838
-8755
341239
1223125
1205718
359058
679388
-91361
557951
1420370
1338073
1443545
664247
79001
694220
1308512
361324
1037004
993332
-1033811
1227966
368019
-205073
193331
-70349
-381615
-1712375
-856239
-687422
48513
-656213
-2042902
-1578166
-2023332
-1376492
28016
-299524
-285722
-143479
-1079543
-647458
-234531
-53457
998585
1106632
158311
-208987
-681139
-153676
1084796
202807
1189650
799383
429510
2063605
542089
2225006
1303774
107738
1812594
361118
688349
1125687
35535
1092521
1228996
-178705
-202189
-701533
-447638
-411588
-1134133
-753754
-874573
-309000
180868
192404
-1234146
-1306761
-2124787
-1763360
-495430
-1386586
-736862
-1069243
-815142
-646737
-1996140
187460
383984
25235
1093551
-309206
579890
-506760
654668
2191428
573195
1479698
1009709
340209
920305
1402242
1689612
2468086
1559935
641175
1267827
1392663
46144
1784887
1054617
489662
-66950
-250084
57062
752312
174379
-1308409
-717910
-1082839
-469062
-448977
513146
-1495663
-2374871
-1455905
-792791
-1168638
-351848
-1843082
-1534700
-2064120
-1368046
-844806
-1988003
-603683
-905782
-824927
-971496
573607
425905
979530
778371
28634
198790
204764
-777650
404996
1194800
646943
866436
658067
-274598
325892
729652
661363
2266206
1380612
343196
-205794
-157178
833270
1087989
772706
-204455
-421167
-663938
525918
-632420
-537042
-920923
-2211616
-1040609
-1638730
45938
-893010
-1102615
-903928
-2201831
-416120
688452
-1077586
252041
-747265
-1237339
-1723293
-542089
1210250
-671560
1156587
-30694
-848102
228969
1466102
1377007
1329421
1132897
-379452
606979
-276040
1616482
1521722
1247948
1408113
-600799
1338794
273362
792894
1349197
237106
1098083
857578
-182619
494503
-776105
-653432
-339900
-1340545
-643338
-2071021
-472564
-155736
-1355274
-224334
-993126
-1082633
-1424181
-489868
854591
-1028764
407571
-369667
-957179
696692
-437029
343814
-206309
-466384
-1489174
428892
2153627
783109
326922
208266
1003941
-811022
1519765
1510289
1444060
1679106
682478
1968639
1036077
1312323
1129498
741909
283456
180147
-439501
-572474
-275422
-955943
389752
-1300375
-940287
-1011666
-1516263
-758389
133076
-489868
-1606182
-269654
-1482273
-762406
299009
-1650781
-415399
-319403
-1043802
-1211795
-240196
311575
-867054
277585
-436823
-430025
638188
121849
355865
-54899
416017
-203116
-125454
1926409
1293062
1230747
1287191
652608
1550459
469165
1360115
1965343
-302305
1637803
586791
-420034
3193
-622635
830592
920305
-180868
-792894
-1000645
-1738022
-570826
-676401
-138123
-219596
-1076556
-285207
-731094
-1042566
-823382
-309927
-768277
-611408
-181589
-239887
-8961
-251835
820807
278512
-322390
628094
166448
1210456
376362
312914
487293
498623
430128
1108898
175100
1194594
1534803
286031
1238369
429613
1455287
776105
1049982
1044523
-311163
815348
919069
197554
1270505
-247612
-126690
408498
-1175848
-618721
-795572
-901765
-1659742
-1877896
-1562716
-759728
-1760991
-380173
-10712
-1330348
-570929
-2425238
-1709079
-944407
-783006
373787
-31312
-313532
77353
28531
841819
552904
464633
104854
-569796
1348785
1186251
1640584
2047022
928442
825339
560320
447535
1713508
1894788
1243622
843467
1173788
260590
132664
501198
573401
1778810
-230514
-1133103
-1435202
-1178732
-306837
-1049673
-550947
-922159
-1986458
-776517
-955840
-1511113
-471019
-928133
-691542
-1306967
-1016713
-1211692
-611099
53354
-879620
-702151
-1280908
-416635
1182646
140492
176336
916700
-392945
451449
1543455
639733
1502152
253483
89404
495636
1115490
1473724
-19158
1662008
737171
1130116
710082
1119713
1321490
-17819
-478847
-604095
776414
-639321
949248
-662599
-748707
-1160604
-442488
425596
-1359600
103721
-2145387
-990242
81679
-553625
-389031
-2214706
130604
-1549738
-1123524
979530
-1327670
-792070
214137
-451655
-1279569
113609
1010327
655801
309927
-225570
144818
-304468
617485
238960
1134854
566088
292932
636231
332793
1426550
1297388
1915697
887551
-310030
46968
-88168
-514588
982517
1368561
-124012
-820498
84563
-629639
-628094
69010
-1324992
-794748
-237621
-1632447
-1273801
383572
-952750
-1889741
-988697
-864685
-582980
-1223846
-744278
1044523
-536115
-16068
464530
-1037107
692263
1149068
293035
245964
982826
45423
1087371
898881
1052454
978809
279954
1538408
1079234
1570956
935961
699061
328055
-438986
171701
2174433
1136914
-210841
380997
-236694
-1816817
364105
935034
-1884797
364002
-1002499
-1912298
675371
-1714744
-1218696
-1240429
-799589
-146878
-1445708
-908048
-460925
-1582801
-606567
311678
-721
-101455
-489868
-107944
-513352
-82297
-126999
-75499
822867
88374
1451270
-193022
1521413
1350021
933901
1987076
-332072
1603092
254410
-331454
1992020
989006
-82709
1169977
339282
-439295
367092
-617073
860668
210635
-412103
-1053175
-2135396
512219
-927824
-133179
804430
-957591
-386250
-1526048
-856960
-364723
-1675604
-688555
-2049700
-1082633
332690
-1852146
-190962
-504494
116287
-108047
-1194491
342990
-387074
311884
996010
1606697
2185969
1089946
888169
1723190
1575900
1658506
998070
865509
903516
525815
1910856
898572
891259
888684
55414
349170
542810
971187
-433630
-1267621
-258530
-695971
-245861
497902
-1220859
-1400903
-890744
-2165163
-1803118
-228042
-722854
-855621
-1545824
-1461570
-1195006
-1361763
-627167
-1261235
478847
-541368
-20497
755711
-360500
333411
789392
113815
590293
1656446
-884976
2017255
2017049
764981
2172270
378525
1027013
962432
1068522
1327155
959342
1669630
960372
721309
-569178
235767
495327
-393872
-397889
-465045
-600696
-1016404
-533128
-1045450
-214652
-2107792
-994568
-1398431
-2314925
323420
-1533361
-323935
-500786
-1276788
275628
-1074599
-933283
427038
-1570441
32857
466899
-113609
1065535
-318579
-1238884
-550535
1513688
-214858
827502
1858017
948939
1052042
301069
1842979
1301714
347007
711524
566294
2367455
92494
665586
608009
-131222
-416223
-375229
1158544
159856
603168
-798765
-7004
-1015168
369461
-481731
-1737198
-560938
