-1530477
-656316
422197
1147626
1348991
707713
91876
453200
1351978
1688582
-162534
1825160
1236000
128235
1074187
22145
1540159
754784
396035
1101894
144715
-480907
-351127
-953780
-532613
1615761
256882
-1364441
-476787
-863243
-434660
-16171
-627991
-999924
-1308821
-1766038
-1865227
-189005
-731403
-1057398
24205
-1039167
-1188208
-1576518
-389752
-643338
-798147
112682
-1459922
1832061
861389
-35432
1832782
-708640
11639
262959
1011769
2403093
1828044
1433760
213725
1066668
1527181
1587127
1559523
1143918
518502
733772
101867
1380921
818335
242462
201056
-873131
-15244
-1801470
-74469
-897233
-394490
-798868
-1839889
-1638833
-2458713
-553934
-845527
404378
26059
-681551
-1314280
-2045580
-818438
-323729
-829974
-1023099
-788156
-171495
-827399
-1648
568766
-692469
151616
-1648
518708
584319
951411
1558081
1301714
1650678
1859974
1306452
1612568
1327258
436617
1003014
921335
1274316
1001984
1021451
1089122
143685
-1351669
-577006
-303747
-182001
-293859
7210
-180044
-2378888
-1200671
-1855442
-564852
476581
-595649
-1081603
-1188517
-1004250
-946055
-717292
332175
261517
-816996
-1035665
-355659
-196215
-529935
-266152
484100
-335162
18540
667646
123909
1141755
1367840
469886
281808
504803
291593
1010636
1392663
1663141
1030515
492340
366062
1499989
1043081
218772
442900
-135857
-119274
-458350
-1000336
552595
362663
-335368
-1402345
-1284410
-481834
-2339851
-755093
-1114872
-1016404
-660951
-2611256
-763333
-839450
-652299
36771
86211
-478641
-398816
235252
-1220138
72203
1022275
284074
781770
1541807
1336837
1375565
1439528
1551180
1216224
589469
1042360
1647691
811125
-208060
547136
1169359
-471740
728107
1807238
760140
292623
-289842
-530965
-1082015
29973
473285
-467826
-247715
-612953
-1649236
-990654
-1513791
-1588157
-2104290
-1317679
-1134751
-1410894
8034
-1406980
-895997
-1568690
-820292
-944819
-613880
765187
-917936
-9991
521901
-33681
781049
1468986
1335292
1147214
1347343
1745541
1932589
1290693
546621
-18643
863861
1441382
1855648
551668
122055
-91773
325583
237415
236797
757462
902795
375332
-1108486
-120201
-754475
-1641408
-525918
-302305
143479
-250393
-1491749
-1453639
-2354065
-1106426
-453509
-417047
-417562
-759728
-1671381
-1099731
-404481
-604301
310236
-54281
-437235
835742
827605
118038
1370518
-220008
-68598
903207
821837
1762433
869526
546621
543325
590190
1374741
1492882
880032
1556433
-599357
336604
-255543
-742012
1015889
-195391
387280
-760037
-362354
-569075
-1363823
-826163
-771264
-50985
-766011
-308176
-649518
-1092109
-561350
-1150201
-666204
-821219
-1288942
-910417
-1122700
-680418
258015
-73954
-921026
-1251450
-54693
278203
360809
650342
256058
-493885
272538
1640275
1510392
2274446
635201
322184
1430876
888684
1666643
2055777
1186457
1430361
-180250
392842
109695
-337737
320330
-328055
21218
448256
24205
-701739
-1361248
-1316340
-83739
-413133
584216
6489
-1491955
-230823
-1581153
-612335
817820
-2010869
-1459407
-417871
-1083869
-998173
-1442000
-758389
-800310
546003
604713
-660024
1138459
-738819
-427656
-67671
943377
2021890
1601341
1944949
412103
-183855
299627
452788
2163824
1243725
887448
1211589
597297
-38625
-718425
1464454
705962
-96511
1039373
-29664
-169332
-630360
-1183985
-1351566
-670324
-11021
-957797
-1255570
-673311
-571444
-926485
-1052866
-914949
-1525224
-482246
-298185
-571959
36874
-849132
-1440867
-1058222
-215888
197554
-180250
609142
-749325
-491104
608833
-101558
1558596
1387822
1251244
989933
1058634
18849
1504727
2242825
1392972
1328906
640145
1164724
-111343
165933
915979
-122982
73542
1019700
507172
-405202
-34402
-834712
-312399
-336398
-1359600
-1506066
-676916
646840
-1451476
-942347
-1222816
-2106556
-1287500
-1261956
-247715
-1066668
-250599
-321875
-1717834
65714
-1117344
469371
907430
-522313
514794
-14317
-16583
531171
1341987
1012593
1225700
1120640
1083045
1023820
631905
2163206
930811
838420
1148141
147084
131428
116081
1059973
361324
-218360
12360
-805872
507687
700194
-80237
-854488
74263
-308794
-1801573
-275731
36977
-1725147
-1041021
-553007
-2097183
-517060
-223098
-1108589
-248024
-1013520
-1779737
-887963
-1062754
499138
-527463
-181280
105678
-417974
392430
178190
1003014
743145
1276994
775384
568663
928339
266049
1475063
1133721
659818
480701
1264531
1292547
357204
1262677
307970
19055
-23175
508717
-282735
-215167
1145669
-1202010
-744587
-896512
-1296461
-202189
597709
-300142
-819777
-305704
-1809504
-593074
-912683
198996
-176542
-1328494
-1491234
-467929
-1021142
-883019
-142964
-1028352
-682272
745514
248127
517575
315283
-969848
1334365
417768
1131661
2070918
652917
941935
-29664
368122
958827
651166
2372399
1332820
1269887
282941
-13699
265225
197863
737789
285928
-1030515
-957179
-1271638
-607185
836772
-491825
-562689
-919996
-565367
-867878
-1015065
-592868
-524167
3399
-1774587
-823794
-1524297
-1134648
-293962
-298906
-485748
-622635
711936
-389237
774457
552698
-244728
547754
557127
694529
543016
1098701
940390
589469
1467544
1324992
318991
1941344
541162
131428
-356689
-281190
273362
43672
1484642
413648
-498829
-1317370
-881474
238033
-53354
-701430
-800207
-449904
-563719
-1768819
-1237030
437029
-360706
-203837
-684023
-1316752
-1442412
-561865
141110
-676916
-142037
-704211
-1402860
928133
1305834
-239887
-419931
-405923
417356
834609
1297594
225673
92597
604610
573092
698443
1894994
2089870
1327155
2007882
-368740
499344
-136269
-58298
1455596
773324
725223
-554552
-274907
71379
522519
-166242
40891
-686701
-1471561
-2215427
-1435614
820807
-288812
-756741
-673620
-1939284
-1083663
-1050188
-288091
322390
-96511
-2197299
-1639554
-1267518
-863449
198996
-271302
-195391
-285413
978809
594928
458453
-721
460513
282426
822970
918451
2176596
2098007
1030309
1788183
550329
189417
1283998
1852249
658273
811434
-464015
280160
116081
16995
868187
624386
-62727
-2165781
-1355480
-1215400
-853149
444136
-538381
-646634
-998379
-889302
-2346031
-863140
78383
-673929
1041742
-2227478
-1800543
-316725
-546724
-660230
-1171831
-550432
-320227
-41715
-818335
183546
1068316
990551
671766
859947
925146
1645013
2192973
635098
1102306
2042078
1172346
1273904
2367867
546930
104545
976337
526124
-881268
574431
975410
402009
76426
-808756
62109
-1587951
-1001263
-1329112
-115154
-980766
-1187075
-746750
-1797659
-1267415
-1259175
-1370106
-890744
-289121
-961093
-411897
-1859871
-224025
-62418
-49852
-406232
-839862
-66435
507687
115875
444033
991066
135033
468959
1594646
1514718
2753190
924631
1127850
855415
947394
622017
531686
2512891
1219314
1204173
365547
-316313
177469
-111549
25647
470607
-510983
-419931
-1316134
-1462497
-581229
-684538
-195391
-1531507
-973041
-1185942
-1647073
-625725
-1066874
-641587
-855312
-855003
-973968
-138535
-506451
-839450
-1475269
-867569
-170156
329600
1807341
1318297
124836
-1053484
298391
1086238
990345
1309748
1311396
1066771
1774690
1049879
1042360
1636773
665071
849544
561453
448977
-424154
252453
964904
-537969
-198378
-1206542
-929781
211047
-926176
-646119
-527566
-461749
-838317
-570826
-686083
-174070
-753136
-1511731
-1318503
-1310572
-504082
-575358
-74881
1002087
-1213340
-889611
-1133000
-754578
1780973
516545
-21424
-213210
138844
1460746
1628636
946158
863655
1903440
686186
1105705
2660078
167375
1086959
535291
956355
1657888
-447226
495224
1006516
-417562
-361427
-515721
-469474
-818232
-1189547
-1403169
-543840
-597709
-1094684
-1563643
-209399
290975
-1128365
-1018670
-1525121
-2211719
-1385556
-1506169
-269345
74984
-490589
-1072230
-1697543
50367
467517
894349
-624180
-455466
670221
-52118
491104
1274522
1263192
1323653
1172243
1534494
1531404
1414808
1258454
353187
1225700
1474445
1735241
1494221
2664095
1238472
-290769
772603
213210
-3502
-893628
-719867
50676
-274804
-103824
-2288042
-1910547
-658891
-914846
-1126099
-551874
-843261
-1673544
-1360012
-1345180
-1430773
-674135
-1356510
-579375
-520768
-1276067
-1013314
-1055853
1247433
845115
-275010
107635
55414
412000
724708
771779
1009194
370697
1496178
189623
667234
1109310
761376
1649339
917421
1710418
233810
1639760
1213546
426729
1360630
-588027
-147187
-397065
399228
-34093
142861
-271405
-1627606
-1098186
-85799
-1646661
-450831
-220935
-2021684
-685774
-206927
-492031
-103000
-527566
-162328
-432497
-1762433
-260487
-99704
513146
880547
-337428
-258324
-381821
-452891
-152646
1744202
803194
1310881
185297
-1050909
356174
1740288
945952
901765
1561480
139462
430952
67259
804739
1549120
179632
-209708
-897954
-207957
-157384
-788980
247715
-647561
-299421
-46350
-1570338
-681242
-1166990
-1207160
-529935
-158620
-876736
-850059
980560
-611923
-436102
-1140416
-1178217
304777
-650548
647973
-505730
5665
327643
-634583
298803
825133
1084796
573813
510056
41612
23793
1915079
1936091
523755
1651708
722030
693705
594207
675680
965419
489868
1252583
-188284
1040712
18437
-655595
548166
52633
403863
-63242
-321875
-1564673
-1482273
-875603
-1148450
-1547781
-1875115
-1662729
-335059
-1334777
-1355171
28119
-1374123
-1344150
-1622250
-1113430
-90537
729549
277276
206000
267594
76117
435587
534055
1139592
720897
1080058
1061621
525197
804739
210532
1072848
1027528
932047
1203452
1091491
1237957
779710
994465
1142270
784448
1132897
900632
-1244961
-415296
109489
-1253407
-620678
-992405
-868496
-538999
-760552
-1745335
-1194285
-1422636
-1811976
-1253716
-639218
437750
-772500
-1065535
-1041742
-1722469
-629433
146054
493370
242565
-318785
-1365265
417665
-104442
1443751
1372475
671045
1057604
894555
366474
-617176
1494530
563307
1577754
1329730
1204379
843055
870350
1559111
1200465
1375462
494606
380894
-721309
670530
-526845
-1864300
-552080
-637055
-512631
-338252
-146672
-537351
-1421709
-1330863
-1454257
-998688
289121
-795675
-958106
-1541601
-877663
-318270
-806284
14729
-1006207
-606567
-1133
-1317679
484203
645398
-60564
1228790
686186
728313
1148450
632111
-200026
970981
1164621
1597736
1891698
1434996
1391942
88477
276658
521386
-142140
643956
1074187
183546
814627
248848
-202292
265946
-343402
-152646
-550741
-253483
-1591762
-1304186
-566191
-980972
-498005
-1068007
-1471973
-1620602
-488220
-582877
-1116726
42539
-513043
-1582286
-192095
154088
-954913
772191
381512
-295095
84666
178705
187357
885903
1204276
319403
745926
25441
405923
1334777
1259175
1320872
857784
182825
585967
1068110
826781
627888
1219005
-655080
600593
937712
-270169
177057
-192713
19261
-1548811
-1152261
-639836
-103927
-336707
-1934546
-1511216
-1646352
-1626370
-260590
-383366
-201262
-172937
-583083
-882195
-343608
-56135
535291
1119610
185915
-125763
-392945
-396447
823794
383675
734390
1015168
318682
1749352
966964
1540365
1542013
134827
1373711
1030309
446814
1195212
342990
602550
1187899
213004
-211253
-413030
-580714
-202601
-976749
-1073466
-590911
-369564
309
416223
-1096538
-1274213
-1599075
-2176493
-434145
-1297594
-965007
-801031
-992302
-352981
-1500607
-605949
651578
-348655
1034841
21424
232986
-63860
268212
1670763
1035356
1122082
1211795
650960
459689
1203452
1628739
1904161
2340057
436102
1343223
1157514
-94554
1407392
755711
1008164
-468753
837493
-573710
974689
387898
-1164415
-905061
-889096
-778783
-46762
128956
-604610
-2604458
-1580123
-721103
-1384320
-412206
-1657270
-1726486
-1674986
-1709594
-771264
-1648309
-1136605
-319609
-550741
-1118580
320639
572165
578860
751385
-136166
331866
294992
-671972
199408
824824
747265
679594
758080
-36153
185091
691748
639836
1829177
1662729
729343
26780
-326098
619648
886006
943480
122467
-300039
-491722
162328
-190550
-1029382
-456805
-1758416
-1218078
-1412851
-228969
-821219
-1167402
-813288
-1822585
-918245
576388
-667337
-170774
-324862
-1199641
-1362484
-1136502
940699
-457732
846763
271096
-513661
-113918
932974
1538511
844909
1526048
-257706
472976
-4532
1059664
1729473
1074393
1632447
-277997
952750
805357
331454
1484745
287370
733669
1106014
200129
290357
-345874
-914743
-434660
-1030000
-728828
-1639039
-961402
-145642
-854076
-682375
-528390
-859432
-1324271
-929781
648694
-812155
26368
271714
-935446
447535
-479362
79001
-216609
-403039
-1093860
-315283
2061545
877045
383778
108871
1118065
-158826
445578
1671793
874161
1918684
777650
1903543
1264737
1167505
1312220
666513
300348
94039
19261
-569693
-407056
-885182
162637
-507893
-1574252
-638394
-1247021
-1190268
-59431
-138329
-1434584
-531583
-1097774
-1226009
359779
-1249802
-943274
-68495
-836257
-993538
-960681
557436
-723678
-82606
135651
-768792
418901
7931
365341
112064
320948
209708
-595752
1521928
1351669
1203555
1458480
821116
1305937
972629
995598
1689715
120201
1136193
1025365
-267800
-183237
-445681
312811
1137017
170362
-931841
-438986
-1521825
-986843
-608936
-537763
-86829
-739849
-391400
-369461
-1151849
-1020215
-352878
-840686
-456805
-237724
-258736
-135342
-362148
509747
796396
-346801
272950
233089
857269
438986
302408
464221
614601
462058
966655
396962
491722
1984089
346183
1136914
478435
1080573
1168535
891156
947085
74572
352878
1079131
259766
861080
187563
-297052
539411
-753136
-902177
-675680
-652093
-1566630
-1723499
-1848438
-835742
-1145257
-1040300
288915
-1304907
-610481
-1940211
-2072772
-1134236
-700915
173864
147908
-361530
-170156
260178
517266
544973
498211
214240
-505524
789289
1334056
1615452
1648206
1148038
849853
551256
566191
1214061
1904367
1440043
705859
1148450
563307
37492
620472
311781
1716289
208163
-900941
-1212928
-1427065
-270581
-888375
-754578
-783315
-1609684
-885182
-666925
-1540056
-807726
-827811
-543634
-1141446
-1154012
-990963
-1030618
-254925
-671148
-514279
-1013211
-715026
875397
351436
-68804
678358
107017
-5459
1477123
767247
1221580
636437
11124
580920
704417
1411615
280881
1178423
1075835
1165960
824618
967376
1261132
182619
-192095
-1065741
868702
-300657
440737
100425
-1130013
-840274
-693705
599872
-1260411
-210017
-1324889
-1520383
-148526
-502949
1545
-1913225
-650445
-767144
-1771909
922777
-879002
-790319
-171804
-126896
-1091594
-601520
1070170
705035
625828
-355556
-84460
-162740
360912
535394
651269
951514
130707
960269
276452
1028970
1288633
1669527
1340957
-281087
-34814
383778
-501301
326304
1117756
430334
-784242
178911
-216918
-914949
94760
-1196654
-1016713
-145848
-977676
-1614010
126484
-507275
-1986870
-897748
-979221
-623665
-864273
-1132176
543016
-96923
-231029
640557
-629639
-50161
940905
500580
-58916
1094890
294477
799280
979221
427862
1368046
370388
1318194
1264840
1468368
916391
559496
407777
-44496
-116081
1673647
1702899
-167581
355041
-87756
-1460025
-345668
1170183
-1423151
-296949
-169435
-1779016
138844
-1226215
-1480831
-1266385
-884770
48101
-1189959
-1077277
-502228
-1156278
-1144948
287061
-18025
-5047
-263989
-309309
-413442
-215682
-223098
-108459
573607
235046
1405332
208884
699576
1672823
651063
2059794
-76220
1048128
1078719
-493885
1251656
1590732
32239
757359
759522
-592353
392327
-157487
115463
695353
-549608
-655595
-1998612
-293962
-9270
-744484
801649
-483894
-612541
-974792
-1284101
-461852
-1344459
-723266
-1390397
-1622765
265431
-1322417
-754372
-669397
-122570
203528
-811640
183031
-444754
318167
546003
1113636
2073905
1491852
1025880
1532331
1520177
1433760
1052660
794851
988594
587306
1580226
1289354
705962
976234
196936
422918
321154
915567
95172
-1153188
-501919
-419622
-397889
491001
-838008
-1529035
-760655
-1624104
-2222946
-470195
-448977
-906606
-1233631
-1604534
-1072024
-1376286
-510159
-1441382
126999
-75499
-466693
783624
-317343
271817
744381
463294
62212
1392766
-35020
880444
2327697
715438
1851425
1028455
787332
995907
901456
1127129
912477
1466308
1165651
1181719
-227218
-182104
587924
-552286
33990
-584010
-366165
-812979
-854900
-768895
-539102
-1351875
-1416250
-902486
-2444087
-288606
-987976
-684538
-247818
-1318709
52530
-662084
-1216121
302614
-1065020
-611717
520356
-97541
868702
101867
-1094478
-1098804
1410997
46659
433321
1504315
1112091
1489792
82400
1380406
1670866
308176
790422
361839
1801264
784448
403451
665483
2678
-59946
-499138
1012181
-208266
784242
-370903
-75087
-731609
-253380
460513
-1840198
-759110
