-1468574
-978912
855621
962020
1232807
849647
82812
758286
816481
1737404
174276
1423460
1849262
-567118
1361145
183443
1128159
1124348
-258942
1253613
859535
-765496
-522725
-651784
-853767
1488350
366474
-1336425
-196009
-830901
-980354
274083
-432497
-872513
-1182955
-2050112
-1959678
-119377
-193331
-1565703
193125
-888169
-1457862
-1202525
-1097259
42436
-856342
-63963
-1307173
773015
1770158
-580096
1893552
-126896
-508820
935549
123600
2263940
2165163
1234352
559393
754372
1620499
1328391
1585376
1493500
396962
597606
324553
1071715
1312735
-230514
626034
-817305
-188078
-1608551
-386559
-270993
-877663
-189108
-2218311
-1377831
-2529371
-909696
-580817
33166
514588
-786817
-1179968
-1777059
-1150613
-293653
-841613
-1039064
-641381
-745514
-537763
-240402
739334
-551565
-234634
329806
37080
727283
908563
1441382
1607624
1504624
1803118
1277200
1188517
1924555
492649
740776
1112915
881268
1197169
984268
974174
525197
-1275243
-783830
-45423
-517781
202704
-485130
323626
-2161352
-1591968
-1232292
-1531610
864891
-722030
-1038549
-797632
-1251965
-865509
-669912
198069
554346
-1004250
-1298521
-97541
-194567
-423639
-451243
404996
-43363
-418592
663938
190447
1150819
1503594
437132
263371
607391
13390
796190
1325095
1608448
1402036
237724
354938
1259896
1159986
424875
404790
-14832
-239166
-429716
-1034120
401288
849029
-423742
-1371445
-1752030
-187048
-2055983
-945231
-494194
-1721439
-437853
-2655237
-1029588
-302408
-1135678
126999
227527
-242977
-520871
153058
-1098598
-190653
1148141
106296
562586
1812079
1134133
1417692
1516778
1440970
1460746
460719
951720
1687655
1219005
-238548
122158
1260926
-425184
431467
1839580
672590
664865
-292108
-542089
-765805
-279748
551153
-560732
-372551
-336501
-1874188
-819468
-1143197
-1780870
-1897466
-1932074
-748913
-1750588
-52736
-1078410
-1068831
-1118168
-1381230
-441561
-979942
718425
-543840
-399331
785375
-124218
494606
1488144
1484024
1169050
1083045
1635434
2055262
1261853
871792
169435
788053
1062342
1734108
795572
-209811
135342
191889
282117
303335
710185
437132
565573
-886830
-76838
-370800
-1875424
-639836
-241535
-244213
75602
-1531610
-1375359
-1884797
-1714435
-379349
-401906
-375126
-510777
-1796835
-1489071
-25029
-476787
200850
150071
-481525
358234
756123
125557
1612980
278512
-542810
980251
487190
1598457
1311293
491722
586379
644162
1032266
1535936
879929
1717525
-383881
-177778
311678
-1231468
1082427
-286134
285104
-246994
-1122700
-177366
-1305010
-851089
-566912
-370079
-529523
-594722
-459895
-1032369
-588851
-840789
-788568
-563513
-1416662
-1164621
-871071
-800310
238857
-148629
-673105
-1127232
-206927
202189
15965
704005
319300
-128750
-54384
1453536
1585582
2173300
833476
134827
1527593
1046995
1170595
2217590
1217151
1423048
169744
-132458
420240
-515206
283662
-160886
-32548
454436
-90846
-784036
-969539
-1526460
-128338
-243080
128956
558054
-1647279
-264195
-885594
-1384217
1271226
-1772527
-1863991
-87241
-1525945
-629021
-1204070
-1253613
-459071
-168611
1081603
-736450
1065329
-114948
-1255776
625107
459689
1784990
1625546
1665304
1168638
-268315
-79619
483791
1770467
1713920
510056
1297388
627888
192610
-783315
820086
1296667
-256470
1178526
-41509
-336913
-164079
-1343841
-1209529
-710082
-266049
-923601
-1331069
-462676
-691233
-757874
-901044
-987667
-1245373
-1027116
-40891
-487499
-144200
-577624
-1629563
-926073
-185194
73336
-142964
244522
-244110
-712142
509747
-77868
1427992
1533361
977779
1069758
1169977
-20909
1128983
2494248
1118271
1826190
462985
884667
408292
-294065
967994
147187
-54590
891362
401391
-288091
57371
-704829
-496666
-97953
-1270093
-1549120
-1094272
763127
-1086650
-1251244
-730991
-2189368
-1342605
-1318194
-313326
-580302
-1058119
-36256
-1559008
-294168
-557642
-410249
1580638
-459998
44496
209914
-253174
875294
1368149
849750
1126305
1409967
715850
1131043
591117
1991505
1473312
653123
1232704
46144
-74984
216094
629330
703181
-284486
137093
-647973
-79001
916082
-161092
-514073
-212901
-146981
-1377110
-633553
331660
-1658300
-1637700
-112476
-1890874
-866848
-12669
-1308615
-90125
-540235
-2541319
-472564
-1085517
126278
194052
-979118
685053
-437544
89507
165109
864170
1011357
1004250
1049467
484512
846969
383984
1143094
1335292
632729
453818
1036695
1377934
430849
1325404
241226
-16068
196318
82400
217536
-406850
968200
-610687
-1246506
-514897
-1524812
-456084
926794
-233295
-922777
-159856
-1908899
-561659
-613365
-396344
357307
-1176878
-1769952
-527772
-780122
-1169359
141625
-805357
-1069655
530759
580714
-40479
1068831
-1173994
818026
1173479
190653
2521131
667646
729343
772706
-538587
1094272
809683
1791376
1629666
1113430
656316
-285516
223098
304056
532819
688349
-863552
-1072745
-1023202
-1386071
1032781
-179426
-774560
-415811
-1071715
-653947
-914022
-608009
-508305
129986
-1677664
-1038034
-1121773
-1592380
-57886
-348552
-351333
-740055
370182
-203116
624592
1150819
-517060
254822
779504
322699
745617
1116108
853046
995083
896718
1567557
77559
1695895
1282865
-52942
76014
-756020
148835
-189520
1135163
972835
-381100
-1275861
-1079646
75705
126793
-684023
-860668
-379143
-599975
-1555094
-1414808
372448
-190653
-310957
-615528
-1287603
-1233116
-803194
98777
-229278
-318167
-807417
-1681784
598636
1826499
-234737
-192713
-242256
85696
817614
1030309
693602
72409
626961
290872
784654
1767583
1964519
1210456
2221607
18540
122776
407674
-866230
1811873
747986
517472
-271817
-441149
-69422
617794
-95687
45629
-191889
-1662523
-1945979
-2000878
723266
141831
-988903
-331660
-2040739
-1388131
-822661
-717498
850162
241947
-2210483
-1916006
-1268342
-963256
283353
-421476
-20085
-520047
714820
466693
829562
589057
144612
199614
563822
749325
1727310
2521646
920099
2138692
803194
-82915
913919
1719276
860874
1081603
-385838
-126278
506142
-354526
838214
613159
125866
-1677664
-1635022
-1152982
-1099525
615013
-359676
-736656
-832549
-1293474
-1972244
-1077586
438059
-1003941
908048
-1443133
-2361481
-10918
-854076
-399331
-698443
-1312426
-444239
9270
-579684
92185
1044832
949145
401494
1096950
917524
1208087
2523294
804533
1044008
2034353
721412
1239811
2774202
637055
-150586
972114
549505
-554758
21939
954501
336604
597503
-1027837
-16892
-1030618
-1266179
-1211795
-675268
-627579
-1319224
-362869
-1940314
-1214164
-1194903
-1486393
-1203040
172216
-1380200
-187151
-1525842
-644677
306940
-568560
188902
-990860
-384499
479774
272847
464633
1026910
-10815
423433
1602989
1456317
2675631
1113842
948527
1244343
688452
990963
264092
2453666
1151231
1038755
618824
-451449
187254
89404
-279130
813906
-343711
-1040197
-669809
-1847511
-364826
-771058
-340827
-981899
-1286985
-1135678
-1809195
-531686
-860874
-767453
-901456
-995289
-984062
-7416
-448462
-879826
-1101379
-1168226
-68392
-204558
1661802
1850704
199820
-1101482
46247
1247639
1100658
1190680
1136193
1039167
1702178
1396474
572783
2089458
925867
458968
573504
358131
-80031
-271405
974483
-127720
-279748
-930090
-1432112
153161
-749119
-1061930
-38419
-481319
-970672
-555685
-647046
-293344
-255749
-1748837
-1322417
-1130013
-830386
-411691
-267285
1131558
-677740
-1715465
-443827
-1150098
1674059
1153085
-493576
342990
-361118
829562
1939181
1256909
1056780
1599178
908975
785787
2860928
433321
451861
1267312
525815
1831958
-295198
-288194
1588672
-234943
-599769
-565264
-539926
-759213
-1041124
-1405641
-692057
-438471
-1435408
-1608036
-296846
374714
-732742
-1059458
-1226318
-2192767
-1611126
-1636464
-417356
496666
-955531
-886109
-1706504
-166036
698958
472461
22454
-677122
297979
185915
585555
1354656
1180380
932047
1325198
1559832
1656652
1364750
1344047
424669
1161119
1411409
1339412
1581462
2576648
1934237
-764363
728828
653329
-158414
-499138
-1345283
297773
-186224
-146054
-1601959
-2588390
-688658
-770234
-1203967
-345771
-871689
-1662832
-1544382
-1175024
-987461
-991787
-1477638
-910417
-80031
-1321387
-1095714
-1042463
790937
1288324
-307558
19673
212283
334338
703284
692263
1343738
391709
1009194
552595
160062
1530374
338458
1674162
1258042
1523061
462779
840892
1845245
274701
1481037
-396035
-306425
-213622
86520
239166
-1648
-389752
-1231262
-1277406
-167169
-1448077
-970157
363590
-2146520
-638600
-165933
-981693
253792
-365650
-489250
236385
-1922495
-639115
337016
-105575
1315516
-320536
-236900
-173761
-558363
-313223
1410482
1081088
1169977
683302
-1110649
170568
1583110
1064402
590705
1789110
-64478
308176
448668
381821
1867287
222068
-475448
-507481
-369461
-224746
-799486
-81473
-45835
-705859
-138226
-1487320
-664556
-735111
-1616482
-398713
-149762
-599254
-1259175
832858
-129265
-627991
-531892
-1749867
536939
-673826
139359
78383
-400773
687525
-705344
124939
966449
742630
717807
652608
235561
-131531
1394723
2456344
364311
1557772
974895
7107
1267415
182516
1130940
599460
1003220
72512
653638
388310
-976131
719352
212695
119171
77353
-373169
-1245167
-1311705
-1228996
-1019082
-1393281
-1846893
-1902925
-772397
-599460
-1676737
165727
-1323447
-1556742
-1188620
-1385865
-131531
632111
267800
190550
430128
-31209
416841
560835
1190886
622429
746956
1432009
597194
859535
12154
802576
1201701
892907
1188208
918657
1280084
925764
704623
1451888
831519
877148
1223743
-1106529
-746647
402009
-1318709
-683096
-846763
-1208808
-526742
-604610
-1811461
-1116211
-1271535
-1949996
-1109722
-827914
304159
-472976
-1349403
-600902
-1619675
-888581
90640
457938
391091
-293241
-1642541
256779
251011
944201
1731636
504082
1180689
789598
658479
-804636
1471149
887345
972114
1729267
796705
1008782
839141
1399564
1202834
1609375
489147
585246
-817511
450522
6798
-2114384
-672178
-486263
-722236
-369873
-246479
-580611
-1083354
-1512349
-1280805
-998791
361736
-871895
-941832
-1079749
-1556433
-155633
-803915
240608
-581023
-1165548
50470
-1044523
-99807
1010533
-443106
1278230
1165239
225673
1254643
805357
-212901
827399
1145772
1153600
2274755
1379788
1318915
494091
-215991
698237
-72512
257706
1131352
416738
843982
551977
-521386
193331
-331557
-65611
-457217
-346904
-1081912
-1844833
-549608
-1040918
-447123
-557642
-1761197
-1479183
-863243
-343814
-757050
-335677
-146569
-1545515
-743557
566706
-936373
572371
650548
-664041
204764
178602
212283
882401
1217048
349479
621914
197348
172937
1259999
1370518
1332202
1070582
-13493
217845
1074393
907636
501301
1384114
-358234
-14317
1416971
-773015
457114
36565
-257191
-1153394
-1360321
-588851
-210841
-179220
-1672514
-1676016
-1587642
-1780870
-383984
-104854
-452582
-77147
-757565
-770852
-17613
-176439
309721
1145875
398095
-187357
-226291
-616249
840686
625519
235664
1448180
86726
1451888
1302641
1109413
2170004
119995
1207263
1387616
-17716
1093654
632935
364620
1291929
339488
-281808
-290254
-805254
-240711
-683405
-1060076
-752827
-602550
-139771
396035
-328879
-1586715
-1320357
-2322547
-680727
-891980
-1330863
-734081
-1111576
-322905
-1207469
-1234867
841304
-219081
844394
457423
-78280
231956
-341754
1844524
1394826
755196
1393281
572680
490589
1469501
1278745
1858017
2468807
709876
847175
1640996
-10300
1227142
995495
701636
-203425
239887
-291387
476787
1227657
-1550253
-373581
-1240944
-913919
-526330
366165
-256676
-1958957
-2230877
-626652
-1392560
-402318
-1227554
-1773454
-1472282
-2049082
-883534
-1591453
-1231571
-323317
-555685
-1046068
29561
557745
525712
1021657
-196730
176027
499756
-561762
-29252
898984
671457
777547
847072
48513
-143067
650239
595752
1728649
1845245
280469
144303
-221347
339179
1206130
881165
250290
-424566
-746544
-206309
519429
-1225185
-188284
-1686728
-1480316
-1128674
-671869
-314974
-1127541
-703490
-1572707
-1325507
290048
-533540
-373684
293035
-1464145
-1009606
-1511731
939051
-140286
-112682
1091800
-824309
-112682
591014
1619160
935240
1668497
-237415
174791
271405
477096
2237160
769925
1617512
115154
178190
1163488
272641
1464866
610584
285722
1284101
120510
145642
452376
-1223949
-240093
-1020833
-1029794
-1186663
-1558905
5150
-613262
-857887
-445990
-1009503
-1199126
-1084487
305807
-121952
-694014
803297
-1328082
209090
198790
-456805
523446
-434969
-1008370
-753445
1782930
1216636
561556
64066
664968
119583
97129
1993359
1034738
1763463
666307
1326022
1886033
878178
1164209
919172
282117
211562
9476
-717704
91155
-1020833
-136372
-342990
-1564673
-499653
-1458789
-1284101
-25132
139668
-1305422
-694426
-940905
-1524606
317446
-657243
-1498238
184988
-668470
-1086856
-687422
-19982
-237930
-314459
145127
-744175
458556
195185
128647
532407
-22866
229690
-470092
1094787
1762433
818747
1448798
983444
1086753
1258248
563719
1859356
488220
502331
1394002
-337119
-55723
-495739
171598
1176260
326304
-1009400
-549299
-1431494
-1111679
-158517
-756947
-115566
-876530
-482761
-231544
-856548
-1158029
-325480
-614395
-805769
-272950
-338561
-2369
-96099
190859
799383
-146672
271096
153264
607494
838729
93112
516854
594001
568457
745720
739643
57474
1926512
416738
858299
897130
714511
1411100
712451
1180586
270272
-114124
1089122
536939
678976
575461
-663629
736038
-382233
-1048025
-831004
-724605
-1385556
-1667158
-1711242
-1209014
-821013
-1511422
438780
-1015992
-869011
-1269990
-2505063
-814730
-836875
-434454
505215
-337222
-131119
187151
184267
1150304
340003
458247
-515412
284795
1478668
1265664
1885003
1284719
778371
587306
499756
951823
2127156
1400079
825648
1016713
589160
-95893
622429
412206
1336322
870968
-1086547
-882710
-1457759
-461131
-696074
-900735
-645604
-1575076
-1485054
-426420
-1064093
-809374
-871071
-823588
-871277
-1302950
-838317
-1144330
-153058
-434660
-905370
-872513
-1023820
796808
905267
-286546
597812
304983
-306425
1585067
922983
786714
1134133
-286546
562380
616764
1574973
388001
708949
1254128
827090
1188311
610790
1557875
359161
-295095
-1013005
489147
-30694
43054
706168
-1298933
-687319
-1083663
420137
-614910
-538381
-938124
-1996037
-34093
-368843
-127308
-1369076
-1161943
-192919
-2144357
451037
-130913
-1288221
76735
-251423
-972217
-657964
760655
684332
668985
29664
-278924
-55929
75911
543943
730064
953677
-67980
742630
435175
796705
1435202
1353008
1529756
210532
-483894
219699
-324347
190859
1353523
373169
-619133
-296125
-62624
-862110
200541
-829459
-1248360
-178087
-1161531
-1470119
73748
-210532
-1930323
-1063887
-825442
-723575
-532716
-1493397
466590
549608
-1026395
956458
-367607
-264092
1130940
215991
-96614
1213134
510983
305704
1622662
278924
1246300
271096
895276
1691363
1216327
1146390
553110
466590
-183443
-7725
1185839
1846790
290460
204249
-247509
-1216533
-597091
1375565
-1036386
-1130219
313944
-2099140
139153
-276864
-2144357
-941317
-1273904
-208472
-774972
-1285543
-307661
-699473
-1473518
79619
104957
-57371
-346595
-372036
-189314
-195494
-4017
-379555
681757
177366
821322
862213
123394
2166914
400979
1654695
710185
455054
1491028
-744278
869423
1914358
-53251
772191
1035768
-778989
306940
89816
-295404
1045450
-367813
-823279
-1657270
-729652
279233
-983135
692160
-156869
-890229
-632214
-1540365
-185091
-1116623
-1395650
-578860
-2078643
209193
-879311
-1446738
45114
-634068
393254
-716262
-255543
-27089
-26059
467105
1272153
2136117
1296049
726459
1520280
1618748
1670042
1197581
735317
934210
517369
1223125
1411615
969951
1094890
130089
144715
263371
1111576
230617
-1135163
-532510
-316313
-629845
463912
-546209
-1555300
-800722
-1420061
-2191840
-749737
-161504
-1229202
-799898
-2000672
-919275
-1221786
-973453
-949557
-264504
325892
-994362
806181
53560
-63448
643338
742321
-167890
1448386
130501
112682
3033350
502949
1510392
1429022
362045
1499680
621708
1105602
1084796
1098289
1326846
1018052
156457
-356895
558775
-232059
-514691
-263886
-591426
-776723
-491619
-1066256
-575667
-851604
-2158365
-377392
-2300402
-820395
-393048
-1335498
218978
-1088401
-696177
12154
-1344562
89919
-422609
-1364338
964595
-275010
738304
581538
-1036695
-1216018
962123
641278
-362560
1924658
966552
1465999
527051
642102
2289999
228145
554758
391194
1458583
1313662
-146878
1128880
-14935
31209
-682581
522210
427141
409425
-286958
-400464
3605
-465663
506039
-1769231
-601623
