-1183985
-1131455
286340
1024232
1159471
1255261
105472
530244
795881
1724220
822352
650651
2173300
114742
918966
380379
648488
1543867
79516
859741
1201598
-564131
-600696
-486160
-1099937
1053484
966449
-1076144
-678255
-518914
-902589
-39552
-501816
-841098
-1079543
-1712375
-2306685
-524785
824
-1635434
-401288
-535188
-1119301
-1161840
-1371960
-208369
-941832
-219081
-979221
81782
2008294
-204352
1295534
622532
-750870
842540
161813
1729679
2654413
1339824
664247
771882
1377831
1636155
1498547
1521001
813288
512219
514382
803297
1625237
-166345
457217
-534158
-234737
-1005177
-1039270
-130192
-976646
-400773
-1775205
-1466205
-2363335
-1344150
-819262
-246273
658685
-529832
-1024335
-1815478
-1386792
-583392
-739540
-980663
-821940
-657037
-415090
-616249
458247
-287061
-307661
272332
286237
602447
716880
1042875
1599384
1785608
1770364
1876866
985298
2004483
690306
508717
1265149
908769
1481140
936270
927103
956252
-892289
-1162046
-197142
-486572
238960
-553522
126381
-1446429
-1718658
-1195624
-1909208
301790
-128750
-1224876
-709361
-1108692
-917215
-841819
-373478
497490
-492649
-1247948
-530965
-125660
-424772
-439913
4017
212283
-415193
495533
324759
898469
1666437
684641
62109
577109
75396
774766
1407495
1660051
1573119
538793
328055
1087268
1301611
506142
446299
77868
-153470
-19467
-1142579
-231338
1107456
-255749
-1024541
-1830722
-392945
-1474857
-1855133
-548887
-1664892
-487190
-1840404
-1844318
-312193
-1206851
-339900
269963
-262856
-470195
259457
-993847
-489250
821425
533952
594825
1390912
1331893
1341369
1515130
1459098
1537790
911138
657243
1502152
1542837
239269
-208884
1093963
205691
-96099
1570235
1013623
928648
-88889
-631699
-517060
-462161
248127
-278615
-367195
-127926
-1568278
-1163900
-1056883
-1752030
-1780252
-2081424
-1054411
-1705062
-456702
-790937
-1237648
-1017125
-1433760
-657552
-1137841
441458
-91464
-941008
556715
202498
267594
1305834
1713714
1199744
1062651
1467235
2243340
1613907
937197
327334
543840
901353
1873364
1149480
64684
194876
65096
393048
140183
584319
719867
907842
-622223
-567633
-228454
-1530374
-1289354
-130604
-309618
315798
-1164930
-1621529
-1686213
-1933207
-763951
-542810
-527669
-259766
-1390294
-1700324
-331866
-663320
-79207
157281
-392739
390885
935755
104648
1056265
736656
-591941
826472
495739
1433760
1496075
562071
690100
681551
737171
1690436
841922
1733181
456805
-617588
772191
-1128468
543531
203631
-197554
186739
-1042154
-372654
-756432
-1118065
-813700
-593383
-541780
-394181
-299627
-905370
-815245
-971496
-1067389
-610378
-1325095
-1111576
-828326
-854797
-207854
151822
-507172
-1289148
-508614
51294
27810
633244
571856
152543
-351127
968921
1536348
2307612
1281835
199614
1325610
1341472
934828
2035383
1567557
1475475
768483
-340724
544355
-262238
-32548
25647
-262959
391091
393666
-613880
-867363
-1485672
-555273
-249054
-210120
695559
-1070170
-852531
-466590
-1813933
752621
-723678
-2240559
-431261
-1267518
-977985
-1027013
-1639142
-276452
-295404
904134
-625107
434248
413442
-942141
98674
426420
1558184
1782312
1622662
1535524
32342
-196936
321978
1385762
2065150
951102
1089740
815451
398610
-630360
299524
1553652
246994
522210
321051
-196627
-12875
-1105293
-1506375
-957076
-489765
-527978
-1172449
-858814
-571753
-891568
-894143
-967994
-1360115
-1161737
-277894
-638188
-150071
-324759
-1299860
-1232807
-533025
143479
-234737
156457
132149
-836463
329600
-159650
987152
1775823
1141755
1204173
1133412
309824
698958
2300505
1421709
1849571
900323
906606
613468
-243904
667028
305395
190859
591529
600490
21939
-4429
-367195
-841098
-85799
-1101173
-1570338
-1429022
274186
-343093
-1421812
-747677
-1872128
-1649751
-1492264
-818438
-451861
-1214576
91979
-1117447
-669912
-389443
-874882
1282659
45629
-82915
294683
-208369
637261
1214782
904649
1079646
1518529
720485
1460746
389546
1585994
1956794
544252
1383187
246067
130089
214755
510777
806902
31621
166345
-478641
-352157
673002
161401
-316519
-288709
3605
-1246197
-1066771
-119892
-879826
-1893655
-311678
-1335704
-1514924
-82915
-1270711
-450419
-366577
-2153524
-770028
-979839
-334235
299421
-1096641
287370
-93730
-112682
292520
878899
918760
1082015
985916
436411
934622
630669
1086959
1257939
802988
568663
841510
1625031
675165
941008
572165
74469
199614
277894
374920
-636643
615116
-73130
-1203658
-392121
-1471973
-698443
475860
167375
-1241253
-20909
-1435923
-984680
-574534
-715438
441973
-975719
-1741318
-925352
-653947
-1354656
-109695
-645501
-1015168
126999
680521
-36977
1091491
-960887
360088
1246300
432394
2016534
1194800
607494
1070067
-637158
820601
1193564
1583419
1979145
1113430
851707
-122158
-28222
432600
420446
762509
-367092
-1397401
-976440
-1339618
561659
397992
-909902
-466487
-980766
-576697
-1007237
-738201
-805872
33784
-1026086
-1417486
-1103439
-1612053
-442591
-499653
-293756
-609760
254513
56032
148938
988182
-258633
136063
922365
444342
632214
977779
782182
989315
888066
1691054
423124
1296358
1606800
184061
22454
-800310
110107
176027
546415
1116726
81885
-987873
-1154218
-299627
194670
-562071
-994362
-386559
-436308
-1091388
-1808886
-106708
-78898
-389546
-454848
-1241665
-998276
-901662
-448771
-254925
-435690
-434866
-1348579
-323420
1942477
197142
-376362
-381100
-138741
912889
965110
829665
200438
529420
540029
471534
1410276
2299372
1329627
2080600
759625
-321772
837493
-963462
1156793
1170904
589366
266152
-420343
-315592
574534
64581
-242977
-9888
-1358158
-1805075
-2235615
-126690
741394
-1141961
-381203
-1730915
-1503697
-633759
-1190062
289533
540647
-1522134
-2117062
-1323756
-1330554
108150
-361427
-276452
-121334
450522
726150
603477
476272
221862
362663
524373
889714
1385041
2594158
1230541
1679003
1308203
124836
703593
1743275
1033811
1002087
-21424
-355144
833373
-228454
552080
665895
291078
-1258454
-1784990
-1111164
-1368767
47895
-77971
-730785
-718322
-789392
-1725353
-1906839
-142552
-837390
567427
-354320
-2426783
-515309
-868702
-678255
-838626
-1125069
-530656
187975
-484409
-391297
827296
913919
821116
753033
1089122
1115490
2314101
1293886
796293
1880780
1466308
1003632
2404123
1286882
77662
537454
880650
-265019
-260281
831519
456084
829356
-754063
-162740
-709464
-1418001
-1289148
-1073466
-420137
-1268136
-398301
-1555300
-1357025
-1519971
-1450755
-1491543
40582
-977882
-513455
-1278436
-1327052
322081
-221965
-97953
-682787
-866024
530965
256264
217124
1238060
351436
-80958
1517602
1437880
2666464
1634507
604095
1398225
705653
1117550
392121
1835872
1678076
1004456
989521
-392018
-32960
514794
-360500
507790
48204
-942347
-639321
-1573119
-899499
-663114
-560835
-485130
-1422430
-1104366
-1789831
-868599
-894246
-1017846
-942347
-765496
-1314795
-106914
-285722
-996113
-824206
-1430979
-286443
-277791
1073363
1946494
978294
-935755
-402318
946364
1257733
1109516
1154630
1089431
1624722
1780664
669500
1679003
1411409
556509
352466
309206
312708
-111137
813803
264916
-507172
-666925
-1442721
-106811
-385529
-995392
-495327
-474624
-778062
-565161
-615734
-467414
-157487
-1542837
-1595573
-1194079
-983238
-350303
-772088
724193
280366
-1671896
-455054
-1351978
909696
1317679
-217845
34917
-6695
594413
1887475
1409452
735111
1635022
1346416
441252
2664404
1063887
471019
1179659
450419
1900453
512631
-899396
1418413
328467
-598121
-497902
-742424
-290563
-916700
-1822997
-862625
-460204
-995392
-1378140
-925867
427656
-404996
-1440764
-1250420
-2012517
-1519250
-1536554
-1248875
356689
-461440
-801443
-1513688
-789804
585555
368328
12772
-570002
248024
328570
198996
954913
1200362
1351875
1641511
1322005
1565188
1289972
1346828
768689
1068728
1497002
1565909
1525327
2322135
2501664
-206103
146466
792791
21012
-238960
-1262883
-60770
-148114
-161298
-1214061
-2670172
-1153497
-437441
-1224773
-974895
-629124
-1180174
-1566218
-1536348
-1227966
-1023305
-1367016
-1137532
89301
-1209323
-1277715
-1393590
188078
1584037
310030
-412721
177778
215888
759625
724090
1157205
680418
881989
794954
60255
1240429
932562
1356613
1371445
1324065
872616
710597
2086368
355762
1276067
-3296
-362972
-206000
58298
290666
73748
-290872
-1104160
-1348785
-379967
-932253
-1431185
142964
-1489380
-1392354
-159032
-1005074
34299
-87653
-840995
312914
-1523370
-1225597
423639
-355350
1302023
15759
-255337
-262032
-427862
-664968
1173273
1410482
1030000
1031957
-900220
-317961
1301405
1394826
580096
1571883
626549
405305
502228
-23381
1552622
817408
-253277
-336295
-498211
-68392
-824412
-441973
126278
-640557
86314
-1096950
-1112091
-710391
-1516366
-882813
-191992
-522107
-1154733
314665
227630
-480186
-509747
-1811461
-19261
-421785
-92906
315798
-514794
358234
-184576
-284898
635716
1098598
486160
766526
494709
-59740
1039682
2461803
883534
719661
1589290
433218
1087062
451964
997246
774045
769616
338561
562483
788774
-700709
246788
251011
79413
113197
-225467
-904649
-1411512
-1455184
-984886
-1269475
-2017976
-1846069
-1129395
-400876
-1751515
-344947
-741085
-1668600
-1162252
-1756871
-744690
809374
275937
185503
600387
-30076
367298
329394
1038137
960578
699679
1415838
526227
979736
420961
494194
1270814
952338
1163179
1096332
1141446
1219211
713584
1187487
1060179
766320
1348785
-330836
-1143094
379349
-1084487
-909696
-784345
-1169462
-504082
-523858
-1739773
-1317885
-1302950
-1851940
-1332408
-1066462
84151
-89301
-1314177
-742939
-1376183
-1273389
-283353
314871
321257
156560
-1477638
-238960
483482
539411
1894067
414987
1072848
1027425
811228
-362251
683199
1110340
1024129
1612774
941832
1277509
1008473
1410276
1178938
1554167
738613
684950
-508717
-187460
579272
-1735035
-1205924
-426935
-755505
-300966
-294271
-527875
-791658
-1585685
-1237133
-1434172
104236
-465354
-1206336
-1153394
-1419855
-347213
-753651
-112682
-546724
-1092109
-299730
-580302
-575049
1079028
-57680
677740
1306864
222480
1038446
1255673
-114227
623253
1071715
1068419
2336246
1704753
1406259
874882
-255337
517987
166860
-25544
1328288
569384
517472
786405
-374508
155015
-74984
-319197
-176851
-621193
-968200
-1636773
-890847
-753960
-721927
-748192
-1398637
-1666952
-1145772
-262444
-835330
-645707
-97438
-1042154
-996525
298082
-738510
-112579
741909
-460822
155015
249878
204146
621708
1110443
562174
566809
344226
230102
1133824
1341060
1324477
1249905
148114
325892
844497
1169874
643441
1138356
304983
-461234
1472385
-281293
122158
150483
-166963
-969127
-1543867
-711936
-362045
-181074
-1414190
-1780664
-1415220
-1868523
-791246
-352672
-359573
-41509
-463397
-829356
-252865
-107017
-34917
930399
565470
-58710
-145848
-498932
388928
770234
212077
1126717
545385
1008473
1661184
959342
1938975
658994
663835
1794775
329909
880032
995907
198790
1079440
697104
-213622
-68804
-778062
-354217
-473079
-1293680
-684023
-554758
-396653
437029
-187151
-1570441
-1068213
-2390836
-1182749
-708022
-1481037
-864479
-1017434
-485439
-586688
-1681166
438780
40788
332690
896615
-215064
377701
-193434
1025468
1777059
880753
1393384
937300
342475
1235691
1300375
1607212
2834560
1065947
1037725
998482
468547
678358
800722
1002293
-306631
1135884
-770543
864479
1029588
-1132279
-737789
-1036283
-1204791
-214652
-101558
319918
-1959884
-2322650
-1107353
-1279054
-725326
-1134133
-1899732
-1477432
-2034250
-1381745
-1203864
-1617924
-202498
-179220
-1081088
-237621
657552
207545
878693
-85387
144612
524373
-246685
-308691
600799
842025
608524
891877
292314
37286
410558
807211
1371754
1988003
713378
516751
-392327
281911
917009
1008164
603065
-292520
-502640
-431055
386147
-1051527
-469680
-959033
-1780252
-1035356
-872925
-483482
-1052145
-917524
-1224567
-1557566
-194464
-149659
-589057
284589
-1070273
-1022996
-1636052
102382
312193
-268521
996525
-235664
-352054
209605
1513379
875191
1588878
337016
-21424
472152
419725
1987076
1176260
1468059
644677
-2884
1374226
448771
1144948
871277
196318
1143197
716880
119171
487705
-1081397
-697310
-589675
-1344047
-977367
-1609478
-548166
-111549
-1006207
-384602
-819674
-1161325
-1249287
-276658
173349
-833476
798971
-750458
-307867
259972
-674135
290872
-381718
-712348
-891671
1039888
1684771
557539
147290
539514
816275
-334750
1542631
988285
1805384
1018876
1302229
2050833
1092727
1253201
788568
426111
212592
248024
-550020
-239372
-669397
-680830
164182
-1650060
-754578
-1023717
-1622868
-322184
72821
-805872
-1134957
-820189
-1583728
-57268
-231750
-1872952
101146
-491104
-930193
-1007546
-372139
123497
-592765
314356
-592456
-54384
270272
-26368
672590
77353
367813
-486881
561453
1710315
1206851
1403169
1373299
1015168
1443957
828635
1250832
1111988
244007
1364853
117935
-301275
-152749
-363384
1191916
710391
-1032884
-286855
-1077483
-1427889
-459998
-863655
-320536
-468444
-557539
-107944
-728622
-1430361
-586688
-632317
-719146
-292726
-386765
-148629
-147393
-39758
997864
131737
-163770
264607
393666
734802
327437
448359
666410
777341
564028
960372
-114330
1787771
960990
691645
1038961
632111
1491543
938433
894658
653535
-80958
834712
779195
443312
739437
-460925
478435
125557
-1159368
-900014
-659715
-1242798
-1739155
-1911989
-1444987
-470401
-1722984
60976
-737274
-1000233
-1079646
-2648645
-1303774
-780328
-604301
439501
-129265
-347419
335471
-4223
967685
595340
318579
-187975
-92803
1443545
1492573
1543558
1480110
892804
697001
625828
761067
1973377
1681784
948630
847999
953986
10403
524579
519738
1074496
1206954
-659715
-872204
-1519559
-758183
-504803
-1061106
-821013
-1137944
-1512864
-525197
-964286
-1142373
-944407
-831004
-764157
-1345386
-873955
-1288942
-753342
-229793
-789701
-736244
-1004559
285516
950484
-136372
243801
627476
-270066
1260926
1145360
702151
1340442
-62109
484821
499962
1246712
933798
433939
1331996
1154321
1182543
822146
1311705
624592
-34093
-1114151
94966
535188
-243801
880650
-1116211
-779710
-924631
-26162
-249466
-805254
-556097
-2056910
-614498
-214755
-152749
-843570
-1787977
-178705
-1965343
-222583
303541
-1075629
-354938
-179323
-735111
-1062136
531171
857269
832858
133797
-528596
-12875
-45217
792379
414678
1114460
196318
761788
556715
542913
1600002
1098186
1717731
609451
-544458
431261
-72100
-186430
781976
731609
-168199
-393151
110313
-716365
-118656
-786714
-1278333
-343711
-669191
-1628842
-393666
63860
-1863888
-1199744
-967994
-815451
-382336
-1502770
-226600
680212
-714820
653020
160886
-709361
729446
462161
-278203
1174509
934828
205279
1351360
307455
1147626
616867
818644
1788595
1369591
1017022
727592
310854
138741
191889
608833
2060000
645398
258633
-270169
-918039
-782594
807829
-441458
-1279260
284074
-1417692
-538381
-198172
-2093166
-1269681
-1289766
-337222
-377804
-1509465
-489662
-373993
-1733799
-237827
114124
-59946
-98056
-531068
-268418
-90537
-223613
-353805
250290
531377
809271
1088916
-96202
2013032
729240
1210765
1438292
103000
1532228
-10918
38316
2114384
540750
358543
1150407
-641999
184782
530244
-638085
958312
-60255
-912683
-1312426
-1464763
540235
-794542
69113
398095
-895997
-537248
-1536451
-771676
-791349
-1369900
-447020
-1962356
-480495
-297567
-1766244
-472358
-597194
313429
-196833
-495327
27295
7313
110313
925455
1832988
1893964
1093654
1346004
1761609
1473827
1393899
708125
902177
925661
910932
1576415
1117859
1135060
413957
215682
153058
825442
666719
-769822
-863449
-226188
-553110
135239
-223407
-1566939
-922777
-1093242
-2311217
-1220550
-149247
-1182646
-741497
-1970184
-1164930
-1116108
-1050909
-1032884
-674959
485748
-912168
345359
207236
58916
656110
726253
-118862
907327
856445
-293344
2673365
1074702
1171316
1847923
599357
1323962
719352
938536
1067801
1069449
1444678
1421194
700091
-599048
376362
-256058
-350818
-86623
-688761
-505936
-744484
-922571
-959136
-432909
-2039400
-819880
-1864197
-1590011
-155839
-1433966
21527
-856651
-1048540
205691
-1287603
-369049
-3193
-1619057
543943
27604
428480
815142
-748295
-1503594
573916
908563
-333102
1326640
1234455
1830825
716777
259148
2201522
870041
212798
685156
769513
1775720
276452
516030
474315
289945
-558054
137917
262547
462161
155736
-552286
278718
-715644
578139
-1230026
-1216018
