98663
54892
189549
305942
411056
537870
629396
738656
823549
904305
976034
1041555
1092868
1137175
1171588
1194669
1195859
1203441
1182550
1158238
1116784
1071520
1005429
944266
867351
784661
690069
595169
484656
381789
270687
160262
40490
-64539
-182707
-288933
-395233
-492337
-591797
-675005
-761738
-830301
-898312
-948834
-999799
-1031052
-1057951
-1076085
-1076402
-1070591
-1054836
-1027339
-992854
-943317
-888049
-825061
-750640
-670053
-579923
-493300
-393704
-299544
-194387
-100627
5705
100344
203772
294259
399647
477246
569828
642151
721920
785672
844696
895521
941900
971177
1000682
1009888
1019413
1016136
1004732
977353
947930
904582
854408
793432
723039
644374
556064
464948
368371
270726
163877
63753
-42951
-142698
-250016
-346394
-442807
-532153
-611104
-680366
-745747
-800184
-843022
-882855
-908507
-927516
-936563
-929985
-915055
-890775
-858635
-818786
-770654
-712648
-655385
-580377
-514906
-435627
-356166
-274682
-202153
-120600
-45545
32604
101984
170924
233799
297354
350798
398043
448515
477772
511506
537339
557073
566877
574584
570730
570332
554583
535283
511394
482211
448096
404834
361104
316244
266501
217357
169954
117078
68359
15439
-33755
-84231
-124141
-170589
-202209
-240504
-267098
-291426
-307558
-321489
-325929
-332074
-323721
-312514
-292739
-267304
-237255
-200330
-155026
-108735
-57233
-5802
47518
100745
158284
215425
271455
329765
375525
425327
462523
506891
533117
556980
573440
581138
582515
571868
555134
527050
487458
441958
383192
322922
248234
173396
88359
5620
-89117
-176410
-268764
-359452
-451528
-535057
-615999
-690804
-759224
-820387
-875575
-924756
-962227
-993790
-1014676
-1031376
-1030442
-1025373
-1005383
-978205
-943829
-902658
-850708
-796308
-725475
-656066
-575826
-495124
-406047
-305782
-206472
-105847
-3418
105006
210345
318800
422353
534933
631732
740047
839740
944206
1026035
1116205
1183117
1249901
1287764
1345903
1358867
1397797
1386866
1399921
1381702
1367941
1319806
1278837
1213697
1145269
1065145
977607
882359
772372
655661
528925
410125
281659
148208
11950
-122955
-265868
-403236
-545531
-680272
-822237
-942625
-1067069
-1169299
-1274796
-1354609
-1435339
-1491980
-1543542
-1559866
-1570699
-1554355
-1532158
-1486843
-1444973
-1371165
-1291725
-1188744
-1083470
-962674
-846629
-718373
-600870
-469900
-355475
-232095
-122331
-1020
107500
213855
314261
403782
498517
568320
644771
708540
775110
833751
880129
925350
957357
985816
997215
1004614
998275
994561
973824
948577
912941
874310
827555
775302
729223
659406
606886
534620
469938
391985
323489
246537
178739
97006
27450
-45698
-114524
-185118
-243407
-304130
-355413
-397825
-438105
-464339
-479858
-496696
-504243
-503134
-498488
-480651
-461793
-435440
-399307
-363498
-322726
-277479
-233973
-191808
-146777
-99071
-56883
-12700
25078
61723
91667
122464
141793
160784
175676
189127
186120
184361
170834
156285
140874
112681
85459
55665
19170
-21072
-61742
-104462
-147577
-192167
-238544
-280139
-323057
-357713
-396549
-424917
-451969
-481730
-500607
-521650
-529394
-537834
-531592
-529551
-509982
-490704
-461772
-432292
-389695
-345343
-292069
-237642
-176781
-115511
-48513
18989
85907
153528
224629
295242
370302
441089
507723
574213
636351
694249
751676
801528
844239
883232
914068
935572
955634
964917
967335
956593
946085
920657
892129
848628
803076
741746
676104
599421
517588
424821
324409
219913
112398
2168
-111800
-231170
-342174
-457500
-563828
-675119
-775245
-875094
-961467
-1046702
-1116470
-1181006
-1228710
-1267600
-1291781
-1304687
-1300840
-1283857
-1252164
-1204572
-1144673
-1081629
-996297
-898999
-795241
-687824
-563748
-447575
-321657
-195586
-72058
58351
181440
296234
413982
526779
634139
731933
826780
904087
977537
1036297
1090331
1134982
1166891
1190101
1202715
1200889
1184734
1160013
1121288
1072023
1012436
944368
868229
787179
694859
601526
494269
388888
276777
164303
48995
-68171
-176971
-284437
-387618
-490779
-582975
-677768
-755485
-832201
-897555
-955486
-999153
-1038087
-1058552
-1082111
-1081579
-1079079
-1060267
-1038002
-1000883
-952449
-895669
-836647
-756609
-676957
-589162
-496962
-406237
-301204
-204047
-99710
598
102910
196233
295529
386501
484190
567595
649782
724510
791854
853229
901325
942463
976364
1004205
1020506
1025110
1026152
1010843
986896
951919
913219
858740
798347
725105
648761
558610
465189
371164
268935
166182
55594
-43109
-152200
-246477
-352143
-440724
-539182
-613796
-694417
-751300
-810697
-852206
-899014
-918304
-943752
-945157
-944177
-926574
-906533
-870550
-827252
-775655
-720040
-654632
-591104
-512648
-439922
-358012
-278816
-197774
-122534
-40935
31694
105050
169093
236601
295924
352440
402541
449659
483661
518169
541290
560544
572772
577342
582023
572672
563338
537813
517820
481573
451850
398835
368186
309573
270391
214702
169852
110495
65458
7362
-35607
-86443
-127928
-171465
-208364
-243586
-270133
-297068
-313135
-326729
-332785
-333273
-330176
-314600
-296769
-269253
-242332
-202670
-158998
-112394
-63716
-5573
41804
99999
150203
211704
264198
323014
372383
422977
460686
504917
530112
557743
568571
584325
580918
578951
551097
528461
485629
444985
382675
324956
248917
175478
88889
4326
-86475
-173640
-268963
-358954
-448782
-533463
-616502
-689547
-759455
-823274
-876229
-926011
-966337
-997643
-1018890
-1036909
-1030711
-1030569
-1012083
-986711
-947191
-909395
-853196
-801596
-728666
-662401
-581048
-502378
-405804
-311315
-210021
-111411
-5357
100979
205863
312262
419168
525557
630996
734695
837790
934199
1022037
1109065
1178769
1244601
1289105
1341700
1358736
1395730
1388568
1399990
1382371
1364995
1315556
1276923
1213672
1145595
1065448
977181
876414
772835
649589
530973
404125
283531
146929
16095
-126939
-262836
-403516
-543930
-683936
-817564
-945209
-1062261
-1171340
-1265181
-1358362
-1432932
-1495557
-1540111
-1563715
-1570668
-1563108
-1536925
-1499322
-1446115
-1381354
-1296401
-1197763
-1087849
-975260
-850309
-729037
-602900
-482475
-360752
-238668
-123494
-6047
103713
211413
308795
405197
488988
570296
641538
722468
768132
841966
878695
931100
956314
986758
1000989
1005331
1002208
995310
980884
956060
917560
882728
833964
782606
730503
666805
602732
542434
466440
403391
326614
252110
175687
105842
23285
-45214
-118176
-185674
-251411
-299709
-358056
-396196
-441732
-465134
-491581
-499161
-510748
-506310
-504792
-484682
-471063
-442958
-403624
-369630
-325609
-282753
-240159
-190026
-146578
-103288
-56844
-11021
24685
59690
98306
122654
142279
166814
179977
183979
191333
188262
176463
162809
146869
116915
90941
61658
18154
-15776
-59782
-100807
-145914
-191593
-238801
-283132
-323441
-368018
-401813
-430956
-455423
-493456
-509899
-530501
-544268
-547882
-545127
-537341
-521851
-497379
-478174
-440556
-402838
-356677
-302826
-246661
-185766
-123624
-53897
12822
80764
156546
218743
296965
367592
442835
511893
579551
641520
696650
756909
805456
851566
891166
923697
943144
966357
975999
977168
968617
956963
927206
903077
857566
812646
744474
685615
603020
521602
421114
326647
219583
110564
-4017
-115089
-234499
-350478
-465355
-577466
-684748
-790904
-883520
-979308
-1056212
-1132915
-1191337
-1242952
-1277304
-1309036
-1315588
-1316155
-1296867
-1266028
-1213866
-1158414
-1086104
-1008308
-903649
-812698
-691199
-571715
-449917
-331494
-198789
-81981
57805
170118
302273
409732
530978
632745
735884
822866
903798
976895
1039408
1093465
1135892
1173585
1189962
1204104
1199805
1187571
1158626
1124181
1071435
1015665
944581
869841
783719
694375
596427
492458
385790
277247
160469
52825
-69373
-174149
-288312
-393340
-493660
-589272
-676736
-756886
-831001
-898172
-956806
-1002129
-1040847
-1064176
-1084366
-1082289
-1080645
-1062425
-1039400
-1003713
-957598
-904177
-838107
-769909
-670559
-602261
-494059
-417199
-303052
-216479
-104149
-9648
100489
193613
298757
386921
482690
568903
648065
724090
792258
852705
907545
949378
987062
1014894
1028098
1036316
1034390
1022527
997315
967833
924475
869810
807648
738949
657067
574531
480012
381554
283059
178305
72819
-36270
-141634
-243728
-344427
-439824
-529195
-609490
-686816
-751852
-805392
-851270
-896262
-923352
-941528
-947277
-941049
-929374
-898493
-873879
-826828
-781527
-718024
-660920
-586304
-514920
-435473
-360180
-277368
-198102
-118062
-37536
36773
107553
179595
242349
306048
361043
413982
456924
494596
526480
551615
573876
583830
594327
590270
583574
569623
550849
528126
494094
457329
414457
372727
325225
276218
229336
178172
124710
73007
24702
-29429
-76650
-121088
-161969
-201878
-233413
-267952
-289048
-311284
-323814
-331327
-330902
-326766
-313838
-296488
-276476
-240562
-207092
-159947
-113528
-61658
-8450
45823
101953
154509
211354
267416
322655
371360
423323
458871
503239
532058
553009
570605
576983
578129
570890
552733
522977
483409
442134
378008
323482
247323
176092
85935
2980
-92916
-177729
-272675
-360546
-455022
-536070
-619077
-691545
-761893
-824960
-879963
-926415
-966838
-997240
-1020030
-1032570
-1025668
-1024175
-1007714
-982031
-947407
-907603
-852244
-796932
-729443
-659898
-579313
-498067
-406478
-314348
-210390
-113164
-6670
97531
207375
305717
418664
523277
627629
728976
834591
929922
1021320
1101387
1176653
1234357
1289750
1330689
1358407
1382233
1384856
1389191
1375949
1358981
1318887
1268582
1212612
1140320
1067820
975090
882795
768335
651057
524826
398970
274121
144176
7182
-129531
-269131
-412634
-551888
-693149
-823648
-957115
-1072199
-1183756
-1276811
-1367271
-1438944
-1499793
-1542994
-1574613
-1578829
-1572148
-1538940
-1505568
-1450217
-1384560
-1295167
-1202912
-1092006
-978552
-854145
-732689
-607767
-486221
-359657
-241998
-121912
-10249
94848
207277
303131
396910
488446
556802
638406
709408
765090
831964
875167
920844
952787
976431
992392
1000383
992749
989115
968443
948444
907193
874562
822055
775939
716172
662109
591116
531923
454043
390619
307883
243622
161624
86036
9258
-63895
-137384
-206543
-268974
-329733
-381708
-428766
-472657
-501592
-523722
-542571
-553808
-558005
-557345
-547420
-533122
-510473
-481266
-449831
-410481
-377510
-314368
-291890
-286838
-302027
-249702
-190720
-46513
55341
207118
194981
379885
365495
341362
249681
233954
265701
284565
252834
154027
195769
129513
199945
111048
92715
-97416
-4093
-60804
-13349
-176787
-187629
-288982
-236491
-338270
-330629
-472405
-477523
-616761
-531573
-578036
-482150
-560499
-493903
-526146
-489106
-449590
-384431
-393056
-288104
-260005
-183597
-183607
-89649
-24494
89877
176786
282077
276442
348337
395366
469326
519580
585629
691030
716409
783770
811634
869343
857669
936580
932778
966208
962474
1016860
931096
931671
885869
861329
833239
837482
785163
745596
654865
573161
462779
336386
251729
102738
7862
-112995
-206461
-359772
-449352
-533361
-589392
-716520
-815009
-952573
-1039209
-1129250
-1136032
-1186966
-1190045
-1200635
-1181225
-1214545
-1171668
-1192349
-1191404
-1177018
-1101107
-1024788
-926991
-847974
-727726
-656950
-515093
-376998
-215872
-74174
58579
186652
313005
422271
550635
617416
696917
795664
850734
929463
981925
1032293
1038695
1092232
1106227
1135172
1090737
1103372
1067038
1066259
1023585
995940
908803
841508
760165
684264
565452
463175
353543
237452
113743
-10767
-127782
-233918
-308282
-387020
-483189
-593042
-661833
-756345
-818404
-896072
-922099
-983882
-973810
-1000139
-1013737
-1041830
-1024158
-1030305
-1010804
-988520
-927071
-887270
-796722
-710617
-613002
-545047
-446676
-359046
-255114
-175915
-78757
-1612
106572
202975
305895
389657
481690
575647
652745
734593
812999
876652
925673
971760
990001
1007624
1018237
1030017
1015307
992135
954542
916410
866154
827416
777315
719348
638084
567694
469889
387832
293504
206301
93635
-11984
-120895
-215992
-323861
-417550
-507387
-593669
-676788
-738378
-800344
-849230
-888862
-914370
-944866
-957623
-957138
-945677
-920682
-880321
-835574
-792880
-728039
-672390
-605412
-539698
-451768
-378745
-280203
-208752
-126271
-69440
-1167
65425
137729
205512
287663
355100
410961
463734
503238
533456
542767
570077
572535
582234
582794
581731
566692
548287
513812
482173
437722
400901
356932
308752
261611
214003
161009
113925
68167
14207
-36019
-75343
-112429
-139016
-175295
-201729
-241025
-257875
-272140
-269938
-276833
-274824
-274726
-267676
-259876
-240140
-218815
-186876
-142701
-98596
-52160
-1841
50967
107201
161668
218592
276277
327859
376011
422206
462010
495242
533965
553116
576640
586002
590994
583186
569779
541517
510915
460813
404405
335115
263482
185786
104419
21839
-71588
-162531
-258095
-346784
-432941
-512417
-599906
-674433
-745190
-804827
-857217
-899833
-944003
-977735
-1009056
-1028765
-1041751
-1038608
-1025065
-1001188
-973058
-934867
-883185
-826205
-760832
-693379
-622671
-538187
-441577
-341507
-243441
-135404
-28787
71616
174984
292978
400366
514174
620999
729619
826698
932565
1016235
1101271
1169657
1225650
1272868
1329817
1357270
1395585
1397502
1402252
1384529
1357056
1309210
1263514
1206984
1137868
1053682
965249
872699
763241
654035
529364
406315
283361
159679
27115
-107648
-240219
-375518
-519168
-649224
-780673
-911450
-1025307
-1127717
-1235108
-1311501
-1394765
-1457586
-1506777
-1528313
-1553734
-1539632
-1521436
-1482371
-1437902
-1367302
-1300503
-1199584
-1102894
-980239
-863640
-731270
-612221
-486698
-365479
-247130
-134132
-12788
95686
202074
305698
393476
476148
541338
626568
678476
804481
767470
889913
848196
977885
946541
1035650
951859
995175
940669
992611
944481
943774
863003
833538
774348
740005
676435
615752
547453
476714
397152
326208
249584
175889
103588
40183
-35014
-128610
-165554
-248590
-283351
-360725
-373825
-443987
-440373
-501535
-481290
-514719
-491776
-510076
-489470
-468378
-441529
-408435
-372897
-335156
-281139
-234368
-184284
-140237
-101076
-44368
-8162
23223
73708
111675
157301
162682
198222
180158
212064
187510
211751
188837
194254
140535
142069
99788
96440
55004
9829
-37764
-83527
-118397
-162743
-203219
-248754
-282612
-322641
-357890
-401646
-429909
-456072
-462049
-497944
-505075
-528926
-503525
-513168
-478673
-486047
-448315
-431741
-376696
-345354
-286160
-240669
-171887
-111850
-42917
10929
86439
146701
218731
287368
366077
430688
502700
561734
628114
669965
735003
785169
810554
863455
871005
931963
932065
964639
936970
946919
914308
920180
886332
847031
797592
733471
693333
586784
530953
402368
341455
205597
132004
-12060
-97555
-231079
-318931
-459996
-551515
-675624
-767734
-878352
-974845
-1060622
-1118516
-1176388
-1225452
-1256614
-1293293
-1312639
-1319975
-1303102
-1273439
-1217091
-1165103
-1091728
-1009203
-918792
-810496
-715109
-582733
-476502
-342236
-220282
-91319
28796
165192
286940
411929
516823
625120
720283
818747
898439
982698
1040962
1109795
1148571
1183735
1196078
1216316
1212128
1199652
1174594
1128842
1081760
1019596
953440
877179
793104
716087
617520
515797
399238
290565
173913
71244
-48501
-158935
-279707
-380473
-487619
-579503
-666816
-748175
-823412
-885359
-943539
-989920
-1025103
-1050554
-1063842
-1071088
-1059221
-1049988
-1021275
-990279
-935054
-881580
-819200
-742468
-661257
-577777
-484874
-392231
-288639
-186292
-90245
11486
104333
201632
298303
397267
491098
579438
660264
730199
802558
853564
907196
949205
989017
1007584
1026541
1024808
1028059
1018853
994841
961639
923378
870625
809855
739812
663562
577593
492202
402246
301173
191608
91577
-17074
-118024
-217666
-313551
-413553
-498814
-582833
-657138
-725330
-779530
-830346
-867061
-898019
-917309
-922229
-920549
-906765
-880110
-847690
-805851
-763712
-706275
-640469
-574119
-510001
-419178
-355599
-270828
-201915
-121946
-46075
27522
