-109427
-272491
-166818
-75325
29188
129336
221312
329261
405781
495444
572343
652473
719650
776490
829915
869430
902595
931421
950875
964335
966570
961204
935622
917612
883996
842896
795497
744168
677093
611283
539280
462590
380150
295463
202163
114954
20828
-69438
-160678
-252874
-340523
-427162
-502893
-577128
-644082
-704819
-761229
-810200
-848021
-876189
-900098
-913789
-915949
-913341
-892870
-871545
-843158
-805215
-753557
-706121
-642955
-576908
-500486
-425225
-342733
-262163
-173723
-88022
141
85917
169290
252614
332255
409326
485092
552161
620254
677306
732007
772670
811912
837597
861502
868053
873899
866488
855847
829390
798401
755311
710323
653501
588117
518013
441230
354880
274764
189179
99924
15992
-72586
-154762
-240919
-319153
-397370
-462810
-530161
-580384
-630922
-666397
-706003
-726149
-748508
-754513
-762341
-751568
-741276
-717954
-684778
-647094
-606999
-556437
-501737
-444284
-384966
-317679
-249448
-182393
-115859
-50309
13065
74552
132902
186542
238823
284114
330792
365823
402850
433281
452596
468565
480388
489561
485765
485250
472311
460589
433781
411344
382886
354311
314868
276949
233132
192735
144976
102662
54385
10851
-38967
-82410
-125856
-162777
-199453
-230404
-259592
-286080
-309021
-323992
-333000
-335304
-336975
-328989
-314285
-296615
-271275
-241458
-207988
-166651
-121566
-74087
-24102
23125
72674
119961
176538
224885
272977
318112
358833
392469
427357
452729
474402
483952
498333
497080
494771
477223
461853
436004
401199
356926
313202
259172
198652
136700
75331
-2678
-73645
-148372
-224042
-299215
-376186
-439020
-507943
-565833
-620932
-672176
-719390
-754542
-787370
-808554
-824151
-828258
-824077
-814241
-794109
-763156
-733943
-688550
-642705
-591443
-531851
-469538
-402641
-333023
-257823
-179239
-97345
-18765
69109
151532
237442
318469
409870
487244
572697
651819
737275
808953
879222
935691
988785
1026880
1066147
1088536
1106899
1113380
1109828
1099557
1077007
1046827
1000059
948849
886677
818225
738541
657155
565747
462838
359885
255025
148106
42168
-63453
-172901
-280024
-387614
-496823
-599090
-700857
-790475
-879667
-957967
-1029962
-1086581
-1142448
-1182429
-1218876
-1229063
-1235393
-1213994
-1197662
-1153940
-1113719
-1052551
-990039
-900342
-822728
-718555
-624156
-516952
-416416
-308518
-210496
-108646
-10817
87680
181158
266784
352279
426500
497840
562187
611878
668052
709274
757932
786015
816415
833587
845534
847254
843799
832152
812354
791447
763031
722513
683241
638382
585224
536072
472303
412957
351379
287448
218485
156450
92519
24996
-33367
-99611
-156543
-214700
-265594
-314361
-353283
-393568
-422080
-449260
-458733
-469637
-468116
-464675
-454642
-441243
-418893
-397114
-367257
-333516
-299924
-264375
-221151
-185980
-145589
-103051
-67079
-26710
9805
43932
77150
106021
126920
153272
162886
182714
187820
194973
190709
190173
177006
170113
149340
136994
108153
86996
49321
26075
-12440
-42727
-83913
-118847
-158673
-195357
-228693
-255857
-288946
-308111
-339001
-357768
-382068
-394486
-407077
-405964
-407202
-400264
-388640
-368904
-347451
-323257
-289945
-254334
-213439
-175413
-123583
-78536
-23222
28572
91257
141294
207636
260235
326363
377891
439141
488376
543364
592690
633321
668588
703498
732053
753435
771399
778393
780746
770459
755221
730208
703199
663513
620792
565477
508560
435201
365468
279712
198493
103909
15305
-78881
-168120
-263203
-349851
-442984
-523018
-608754
-683040
-754861
-818376
-878709
-926881
-971984
-999977
-1021271
-1028755
-1033853
-1020119
-998066
-966160
-919546
-863874
-799561
-728231
-650686
-558367
-470259
-373001
-270172
-173011
-67094
23043
131496
223072
319629
407118
494212
574655
650873
717266
778282
827835
870006
904652
929790
949228
962784
964179
961653
945423
920284
887500
850679
800560
748990
683506
618927
544371
470257
387599
303712
214283
121713
27642
-65505
-156337
-247230
-335952
-422583
-498324
-575351
-644592
-702930
-764004
-811127
-846924
-877780
-901305
-915835
-918347
-911611
-899956
-876614
-850747
-810203
-763432
-707171
-652749
-578173
-512574
-425784
-355108
-263992
-184472
-91378
-7462
81987
164297
248036
328022
409182
484796
557177
618541
683601
732822
777716
814750
843474
861803
874802
878071
873092
857433
835401
801619
759289
712604
656853
594549
519948
444173
359863
281635
189152
104537
11556
-69029
-161069
-240873
-324044
-393948
-471228
-528890
-593018
-633889
-678076
-708817
-741787
-754536
-772124
-768942
-768920
-748738
-730919
-695509
-656688
-609696
-563190
-505121
-451827
-383692
-319365
-255774
-182599
-116913
-52403
11820
77362
132193
190617
236961
288245
332985
372257
409587
436329
458860
471356
486202
492895
491643
489719
476963
462969
439144
413859
382768
350361
314063
273216
231415
189555
145699
100258
54245
6639
-38146
-85197
-122843
-167260
-197520
-233935
-259979
-289451
-307488
-327394
-336370
-342945
-336239
-333606
-315286
-298567
-271683
-247281
-209067
-169458
-124181
-77742
-27172
21591
69924
120524
171317
224040
267597
315660
355182
393418
421146
453135
470335
486774
493211
498246
494057
482845
462050
435946
401717
359275
311592
260674
200546
140361
71216
3343
-71369
-147296
-225750
-296571
-374031
-436881
-509596
-566021
-625880
-670980
-722538
-755162
-792437
-810429
-830450
-831868
-828783
-818546
-799046
-773428
-735014
-696164
-644735
-595600
-534824
-477598
-404340
-342379
-259033
-182689
-101603
-22886
68604
147412
234282
313893
402959
483382
571707
652981
733293
806028
877793
931598
987668
1030052
1064878
1089460
1106751
1111384
1107784
1101657
1072659
1045648
993744
948631
883747
819167
737907
655689
562633
458924
357740
251720
146802
43832
-62174
-174382
-282081
-392182
-494887
-599938
-700897
-797475
-877554
-959287
-1027058
-1088044
-1143223
-1188988
-1217883
-1235406
-1233391
-1222329
-1197747
-1161945
-1116811
-1059403
-990674
-911857
-822465
-729693
-630156
-525119
-417143
-316564
-211725
-112315
-13990
80956
176570
265981
351500
424409
495701
561945
614268
675921
716703
757151
795835
819050
840198
846663
852560
846880
832136
819243
793982
768942
725096
690191
639187
594101
534652
476331
412433
351726
280660
227737
153709
94539
25231
-38020
-105639
-160530
-218183
-271044
-318523
-362044
-399352
-426143
-450115
-469084
-472539
-476049
-476447
-465381
-444668
-428574
-401337
-375568
-337467
-308321
-260844
-229324
-188168
-146305
-105815
-72434
-23105
8426
43145
76987
105426
125381
152486
171947
179574
192624
200049
193112
194033
185577
172058
155909
136234
113050
85716
60473
22450
-7361
-45056
-83179
-126184
-156441
-198046
-228478
-262730
-291378
-321046
-343159
-370317
-384296
-406185
-411783
-425541
-414257
-407718
-392637
-377749
-356366
-331947
-303794
-260573
-224126
-176986
-133845
-82596
-30946
26010
84687
141668
201931
262506
316906
381627
439069
494047
546075
595640
631872
675226
711712
739521
763431
775386
787051
787419
779299
763555
742766
709700
672493
625739
572974
511712
440138
364932
280864
192797
105094
16249
-78905
-167759
-263243
-354955
-445983
-531617
-616272
-691541
-764272
-829883
-886934
-936849
-977911
-1008352
-1032589
-1042783
-1043095
-1031632
-1010498
-976087
-927519
-874550
-808603
-739345
-654278
-567894
-476345
-375935
-271985
-176880
-68298
24662
125939
223172
314720
407602
493672
578668
651205
720014
775366
829327
869122
908192
931777
954071
965811
968693
960207
945321
920086
889238
846753
801850
744664
685245
615409
546070
465515
387299
298099
212847
117749
27582
-66501
-158245
-251113
-337555
-423394
-501766
-576841
-644122
-708579
-760557
-812520
-849685
-882861
-906977
-922187
-923554
-917569
-903633
-879291
-854176
-815607
-774492
-713461
-662806
-580869
-516982
-433223
-355090
-273255
-183566
-102031
-8203
76382
169469
247280
333282
406946
487264
554508
623249
681053
739417
782503
819936
848459
872940
882705
885950
878929
869510
843084
813597
770250
725188
664971
605642
527568
456296
370704
288539
198511
114255
24185
-61234
-150050
-234472
-315275
-393021
-463053
-527196
-584500
-632733
-674743
-708717
-731991
-758133
-765737
-774235
-759477
-752912
-720156
-691764
-651615
-611208
-556357
-508265
-442827
-384053
-315958
-252080
-180945
-116147
-47341
16977
81063
135357
196605
245109
296631
341930
379289
416882
442527
468393
482008
497637
499649
503804
499278
487489
469958
449812
424693
395225
359833
322957
285726
241291
199941
154317
109522
61933
12845
-32276
-74544
-122567
-160256
-197765
-227253
-261281
-282777
-310430
-324112
-335561
-337992
-340679
-326717
-318413
-295598
-276554
-244112
-211731
-166457
-124452
-73837
-30260
23592
69805
123164
175669
222224
272757
315915
357133
390681
426657
451301
474182
485772
496145
497956
494647
477843
464441
433224
402443
357098
314190
258912
202728
140232
73966
301
-71571
-147986
-220856
-299533
-369160
-440907
-503885
-567704
-622146
-676150
-718820
-757828
-785696
-813984
-828332
-829359
-822226
-815358
-798618
-768505
-735379
-693161
-646124
-595469
-535581
-473619
-408201
-337304
-264230
-181454
-107552
-20107
57872
147649
226254
314683
396900
486036
562697
651908
726276
804396
869073
932423
976949
1025838
1058705
1086832
1101187
1110053
1103677
1095494
1068881
1044686
991038
946445
876602
817775
733499
651545
559970
458742
352398
244923
144557
33571
-67817
-179905
-286619
-400872
-503007
-610370
-706487
-805305
-887518
-967634
-1036236
-1098838
-1147239
-1195435
-1219801
-1240852
-1240101
-1229510
-1202015
-1170701
-1121542
-1066365
-998251
-917057
-829529
-733860
-634514
-530596
-427020
-322536
-222016
-117613
-23295
75828
169099
256502
343095
413317
490219
551751
605291
664489
706464
749018
786423
810039
830036
838574
841576
839481
825603
807502
785011
755148
712575
676088
625302
576161
523307
462067
393139
331715
264586
198914
132090
64282
1018
-66598
-133406
-197342
-253622
-312319
-358649
-405901
-448331
-481309
-511922
-535707
-546394
-549551
-550732
-541425
-532271
-505502
-485376
-474813
-478123
-478929
-426894
-319466
-168243
-45886
55487
240192
143139
172354
39365
120600
159409
233022
150713
219423
240052
288151
342219
270330
229721
172972
230127
235915
199318
180710
131512
132568
44096
39994
12693
-45660
-141790
-142245
-210428
-164378
-247582
-284408
-334437
-326508
-321612
-307861
-359111
-342668
-376386
-358660
-342848
-373478
-338801
-326671
-215431
-210805
-168307
-162231
-117515
-119756
-47974
-24320
54803
116988
189790
231951
278971
341224
383039
449504
487361
535014
549812
601529
663088
714895
732416
767806
733208
723471
740670
744244
766169
758444
780087
719760
688960
606380
533018
449289
375826
262260
162540
79872
26630
-46461
-125775
-197544
-325560
-408032
-485526
-519811
-633756
-678134
-790635
-823643
-932286
-903308
-957262
-946609
-1009526
-1000995
-1028552
-980955
-992379
-944066
-902671
-824512
-732108
-639170
-545980
-455506
-355090
-276887
-168141
-87976
5530
96994
205758
279989
383211
442604
545262
602291
666474
712312
737145
784839
825032
879219
905695
936425
941247
927284
890490
878574
841547
809956
749785
694973
619025
569645
493239
424443
325375
274216
168390
106274
-4851
-76835
-166961
-230925
-333249
-383248
-487785
-534774
-630356
-664096
-750910
-779347
-831524
-856142
-892998
-900880
-913202
-890923
-888662
-845202
-808107
-762976
-720979
-671475
-612313
-548286
-488611
-412527
-332645
-242132
-147127
-75557
20740
102810
197381
278965
370443
441830
518040
582929
654585
701954
747756
789129
816992
845788
853941
876605
879258
889527
872802
845095
791760
759496
704195
663341
590876
522484
434116
352335
265980
181259
83829
5083
-81142
-154404
-237953
-309564
-396470
-474749
-539132
-594810
-647073
-681154
-713791
-737688
-754270
-758978
-764317
-761888
-746739
-714343
-681992
-633197
-582504
-535929
-489391
-442451
-388309
-343542
-285108
-221561
-149350
-78236
4830
67493
128821
181053
241775
288625
337678
380749
415950
449524
480349
497866
508661
510287
504713
493459
484879
475156
457162
425818
395870
359790
315786
278155
238689
197220
154372
117081
72731
24810
-23105
-69726
-120830
-158255
-194036
-225876
-255456
-276929
-306439
-320618
-333475
-334690
-332505
-323873
-310185
-284883
-262656
-225312
-188197
-146910
-103364
-58911
-15112
29154
80366
130596
183365
230598
281410
322056
372424
403771
435025
454132
484853
497306
511221
504287
498865
479116
469034
442896
415082
369624
320826
271435
215914
153688
84461
10139
-71375
-145478
-218932
-286777
-366790
-434338
-509237
-563174
-623338
-668854
-719516
-756452
-795064
-813951
-829683
-832534
-832904
-819659
-803055
-771805
-740366
-692076
-650543
-592064
-538880
-479862
-419891
-350992
-279317
-194939
-102339
-24071
67852
148124
229434
311678
407248
476502
566700
651079
734223
810006
881211
934295
976605
1011782
1041578
1068483
1083689
1094396
1085599
1082234
1060054
1034933
993542
951141
885185
817101
740465
654095
560935
459314
366066
258181
166134
49338
-53172
-156982
-259603
-368187
-464382
-575549
-673631
-763069
-841752
-926617
-991072
-1050831
-1111670
-1155535
-1184194
-1201809
-1208006
-1190035
-1167650
-1129251
-1081089
-1027037
-958416
-882459
-795159
-708014
-604928
-502886
-393888
-287328
-184845
-95022
7853
88324
189097
265146
363242
415974
552395
511695
647801
613626
769175
723513
849601
755553
852237
784429
879565
819505
850525
779606
783230
744415
725532
686699
638471
583969
520354
470947
397825
343816
259942
228063
137283
109098
13021
-31189
-100593
-155693
-230250
-268822
-325213
-349077
-409122
-415696
-468606
-459412
-488060
-466361
-502360
-462962
-465258
-413985
-426511
-362170
-358110
-294339
-276583
-204741
-186812
-128309
-110261
-53416
-17969
30545
66021
92525
116442
139652
156690
177559
195018
198010
200154
205353
207584
198367
184279
174072
150499
139208
107095
81714
48304
26282
-20953
-49510
-112632
-146234
-182905
-208330
-245313
-287851
-314776
-344921
-351023
-373292
-392103
-412719
-416852
-419225
-410470
-401028
-385323
-365332
-344239
-314253
-283199
-246028
-200438
-154158
-108883
-56790
-7199
53618
110020
178702
229880
298308
337816
418302
451699
531644
556507
620759
630708
690735
702450
755053
761328
776531
761029
753088
748708
714896
698801
643948
626013
558289
526205
440212
377759
279160
215934
109708
28079
-72613
-156884
-247001
-335451
-418722
-500551
-589449
-666834
-735896
-806870
-863348
-911066
-950051
-979615
-997672
-1014606
-1019082
-1014885
-991602
-961040
-914907
-857651
-798251
-719049
-647305
-554658
-469759
-375461
-276472
-177086
-74912
22057
114486
215792
308878
408880
497990
588433
663018
728409
786008
839256
878305
910750
932167
960005
977288
982865
974369
954122
933061
902843
867053
821827
762327
700258
635196
571175
491097
403381
308844
222942
127875
36827
-61417
-155042
-245519
-330689
-414689
-497006
-570129
-643092
-704565
-762279
-805338
-845504
-872568
-898278
-905960
-912154
-900050
-886836
-859400
-828751
-794418
-740897
-691919
-629506
-561125
-491681
-405565
-332339
-245411
-159757
-72041
10784
107774
186017
275635
350217
433118
500577
572588
631318
688025
733557
777604
815253
848657
866833
880904
884972
881256
873396
841874
814219
773696
731065
674800
613429
540227
469769
387655
311608
217138
130871
40103
-35694
-123377
-203930
-290185
-362142
-429066
-491413
-552209
-608574
-645691
-684629
-702193
-728235
-735274
-742697
-729454
-719677
-696277
-668392
-626886
-579650
-536131
-486410
-426590
-374890
-309356
-244495
-177977
