1765
1809
1835
1867
1907
1940
1979
2013
2047
2077
2112
2152
2177
2212
2231
2257
2284
2307
2332
2347
2361
2385
2369
2373
2378
2364
2358
2335
2324
2297
2288
2268
2241
2206
2176
2137
2108
2073
2041
2006
1974
1951
1931
1892
1870
1853
1840
1834
1810
1810
1802
1805
1810
1826
1838
1855
1860
1875
1894
1913
1943
1970
1992
2011
2045
2078
2104
2114
2139
2165
2173
2201
2210
2218
2222
2244
2242
2237
2255
2242
2230
2219
2219
2202
2176
2155
2141
2120
2095
2062
2025
1994
1964
1936
1914
1893
1865
1834
1821
1806
1791
1781
1778
1775
1763
1769
1751
1745
1754
1758
1771
1793
1809
1836
1864
1895
1920
1958
1993
2035
2079
2123
2169
2200
2243
2273
2310
2352
2385
2420
2450
2474
2489
2500
2517
2518
2524
2526
2515
2509
2491
2482
2452
2429
2399
2359
2328
2281
2246
2207
2158
2112
2072
2022
1952
1895
1849
1805
1748
1706
1652
1614
1568
1532
1502
1478
1461
1450
1464
1462
1463
1486
1511
1544
1583
1625
1668
1717
1774
1816
1872
1915
1972
2021
2064
2118
2160
2206
2248
2286
2312
2346
2403
2412
2438
2456
2481
2484
2480
2489
2487
2498
2485
2464
2454
2448
2417
2389
2355
2325
2301
2272
2237
2196
2176
2136
2106
2062
2027
2007
1973
1934
1918
1884
1866
1839
1820
1795
1782
1763
1755
1746
1726
1715
1733
1719
1715
1724
1730
1754
1762
1783
1805
1840
1862
1889
1915
1952
1991
2033
2059
2094
2136
2160
2187
2228
2250
2274
2297
2308
2310
2321
2322
2318
2317
2304
2283
2267
2228
2214
2182
2157
2129
2107
2070
2050
2019
1995
1968
1949
1905
1894
1875
1860
1836
1845
1828
1823
1822
1830
1826
1862
1874
1874
1899
1919
1937
1958
1997
2018
2041
2069
2102
2122
2156
2177
2208
2216
2243
2259
2287
2286
2308
2321
2326
2327
2330
2336
2350
2328
2330
2324
2316
2293
2283
2252
2242
2219
2188
2160
2132
2092
2047
2018
1978
1929
1886
1834
1789
1760
1741
1697
1661
1651
1635
1620
1615
1617
1613
1624
1638
1671
1686
1718
1755
1785
1827
1884
1928
1978
2027
2075
2120
2167
2201
2252
2304
2332
2370
2401
2427
2446
2484
2495
2509
2517
2514
2513
2513
2495
2482
2473
2450
2428
2394
2361
2319
2293
2247
2216
2180
2137
2093
2055
1996
1964
1928
1883
1833
1807
1773
1753
1712
1685
1660
1630
1612
1600
1593
1592
1579
1589
1588
1608
1623
1645
1666
1696
1732
1764
1812
1851
1901
1958
2010
2062
2113
2173
2210
2265
2308
2363
2404
2453
2481
2507
2535
2549
2573
2589
2583
2580
2578
2553
2546
2513
2490
2449
2414
2377
2333
2286
2240
2179
2141
2095
2045
2000
1962
1916
1868
1828
1804
1761
1724
1706
1682
1656
1648
1616
1610
1619
1630
1633
1652
1661
1675
1704
1731
1755
1780
1813
1847
1887
1924
1962
1996
2025
2060
2095
2124
2162
2188
2229
2252
2284
2308
2323
2350
2371
2383
2395
2403
2408
2406
2409
2402
2384
2373
2348
2326
2312
2279
2240
2208
2170
2146
2105
2070
2054
2010
1988
1956
1935
1902
1888
1869
1853
1846
1842
1825
1824
1818
1825
1839
1845
1864
1880
1898
1927
1956
1977
1995
2028
2052
2073
2103
2118
2136
2165
2186
2201
2217
2224
2241
2248
2248
2244
2253
2252
2245
2230
2210
2192
2180
2157
2134
2108
2084
2046
2022
1992
1960
1943
1922
1890
1865
1839
1817
1808
1789
1787
1769
1757
1753
1754
1750
1750
1762
1770
1775
1788
1815
1832
1860
1895
1925
1958
1996
2038
2086
2121
2164
2220
2256
2292
2334
2369
2401
2430
2455
2480
2493
2510
2522
2538
2530
2529
2519
2506
2490
2479
2452
2419
2401
2377
2332
2298
2260
2221
2176
2129
2077
2018
1970
1924
1860
1808
1758
1709
1664
1623
1576
1544
1519
1500
1482
1463
1473
1472
1490
1501
1542
1570
1614
1644
1694
1725
1791
1836
1896
1936
1988
2035
2079
2118
2178
2216
2261
2300
2329
2352
2389
2414
2444
2459
2550
2491
2481
2596
2500
2482
2586
2486
2447
2443
2417
2397
2491
2370
2301
2281
2238
2206
2236
2192
2092
2054
2026
1996
1985
2030
1912
1860
1841
1818
1813
1894
1782
1745
1859
1758
1721
1840
1759
1707
1822
1767
1732
1804
1810
1767
1829
1911
1857
1888
1987
1955
1977
2119
2063
2087
2232
2172
2177
2220
2248
2278
2417
2333
2299
2306
2310
2316
2396
2331
2269
2244
2222
2205
2197
2220
2113
2060
2039
2012
1991
2066
1945
1896
1881
1863
1854
1958
1843
1812
1796
1794
1789
1896
1853
1819
1814
1842
1867
1932
1985
1942
1944
1986
2025
2059
2090
2116
2147
2169
2193
2212
2219
2246
2253
2279
2282
2297
2298
2313
2310
2312
2320
2322
2308
2306
2300
2286
2268
2238
2211
2198
2171
2140
2094
2057
2024
1991
1945
1899
1856
1816
1761
1738
1705
1673
1659
1643
1616
1608
1600
1589
1598
1607
1616
1638
1662
1683
1728
1757
1807
1849
1887
1941
2002
2047
2093
2134
2185
2222
2266
2299
2336
2368
2399
2419
2455
2466
2475
2477
2481
2483
2483
2474
2459
2445
2416
2401
2368
2333
2292
2271
2226
2195
2148
2105
2075
2025
1972
1926
1885
1849
1812
1779
1747
1722
1691
1653
1640
1622
1597
1576
1566
1567
1569
1564
1568
1574
1588
1619
1636
1668
1702
1735
1778
1828
1876
1928
1968
2018
2074
2123
2176
2238
2287
2344
2383
2421
2444
2477
2504
2533
2551
2573
2569
2563
2559
2534
2524
2491
2473
2434
2392
2339
2290
2250
2204
2150
2106
2062
2007
1961
1921
1869
1825
1796
1762
1732
1704
1674
1657
1632
1616
1608
1604
1589
1595
1607
1614
1630
1641
1659
1680
1717
1744
1772
1803
1840
1882
1924
1963
1991
2027
2060
2088
2130
2163
2193
2225
2260
2282
2299
2325
2336
2356
2363
2364
2374
2381
2381
2359
2342
2336
2318
2295
2283
2242
2218
2196
2150
2125
2090
2058
2026
1992
1968
1934
1907
1875
1863
1844
1830
1831
1821
1812
1818
1820
1827
1834
1853
1864
1885
1897
1915
1942
1968
1977
2015
2037
2069
2081
2112
2140
2156
2173
2199
2209
2219
2244
2254
2248
2241
2242
2238
2237
2226
2209
2188
2178
2160
2139
2113
2091
2057
2029
1992
1959
1935
1913
1888
1858
1833
1811
1799
1787
1762
1785
1752
1737
1731
1724
1743
1750
1759
1767
1780
1798
1820
1837
1868
1899
1941
1983
2012
2068
2097
2146
2188
2228
2266
2323
2349
2375
2404
2433
2448
2466
2480
2493
2502
2513
2512
2499
2485
2480
2467
2442
2404
2386
2360
2316
2280
2240
2199
2161
2109
2054
1999
1954
1901
1850
1800
1738
1697
1647
1601
1563
1530
1496
1480
1456
1445
1451
1460
1468
1485
1514
1540
1581
1622
1665
1708
1761
1810
1858
1914
1962
2010
2058
2117
2164
2196
2239
2288
2321
2350
2368
2410
2431
2455
2467
2489
2485
2481
2484
2471
2469
2466
2451
2425
2415
2385
2364
2331
2299
2268
2230
2201
2168
2136
2101
2056
2031
1994
1966
1930
1911
1873
1856
1828
1815
1775
1767
1737
1733
1722
1722
1700
1700
1708
1712
1723
1730
1740
1754
1781
1809
1826
1851
1887
1905
1955
1987
2023
2060
2106
2130
2165
2204
2234
2267
2277
2293
2311
2318
2319
2318
2320
2313
2296
2272
2261
2238
2214
2181
2152
2127
2089
2069
2029
1995
1968
1949
1922
1895
1871
1851
1842
1826
1821
1812
1809
1804
1804
1805
1832
1834
1857
1866
1894
1923
1948
1967
2002
2035
2060
2089
2113
2133
2169
2193
2211
2225
2247
2265
2294
2308
2311
2314
2324
2332
2326
2332
2324
2318
2315
2312
2299
2276
2257
2242
2205
2176
2142
2117
2082
2039
1987
1948
1911
1881
1833
1785
1749
1712
1680
1650
1623
1622
1615
1606
1597
1594
1614
1623
1646
1676
1700
1738
1773
1802
1852
1912
1946
1995
2043
2092
2128
2185
2221
2269
2304
2341
2376
2413
2429
2457
2471
2488
2490
2493
2486
2493
2479
2465
2458
2427
2414
2381
2350
2316
2278
2233
2202
2156
2115
2074
2027
1982
1946
1916
1877
1841
1803
1766
1731
1711
1666
1657
1631
1618
1600
1594
1584
1570
1576
1569
1590
1608
1624
1659
1688
1726
1754
1797
1847
1895
1944
1988
2041
2100
2145
2201
2256
2312
2354
2393
2427
2466
2511
2525
2555
2573
2575
2579
2579
2569
2552
2532
2503
2474
2441
2398
2365
2321
2277
2228
2162
2124
2082
2035
1986
1942
1900
1859
1824
1786
1756
1735
1704
1679
1658
1641
1614
1606
1608
1618
1616
1622
1643
1666
1696
1716
1739
1768
1791
1840
1875
1911
1932
1975
2005
2045
2073
2117
2148
2179
2205
2237
2256
2290
2312
2329
2357
2381
2381
2381
2386
2384
2381
2388
2363
2350
2320
2297
2274
2243
2212
2188
2151
2121
2084
2058
2023
1982
1962
1929
1902
1880
1868
1838
1820
1809
1807
1800
1806
1811
1814
1825
1845
1852
1870
1890
1910
1946
1966
1988
2021
2046
2078
2104
2116
2140
2162
2181
2201
2214
2224
2226
2235
2252
2254
2250
2241
2232
2231
2221
2192
2174
2156
2134
2102
2077
2055
2021
1982
1959
1947
1917
1887
1856
1839
1824
1803
1871
1766
1730
1827
1730
1718
1825
1735
1716
1740
1751
1784
1932
1852
1825
1854
1885
1925
2033
2060
2034
2072
2121
2172
2231
2337
2302
2316
2366
2398
2442
2573
2499
2480
2607
2521
2500
2616
2530
2483
2574
2496
2423
2466
2429
2345
2349
2330
2225
2184
2226
2097
2041
2097
1965
1893
1946
1802
1726
1692
1655
1610
1695
1568
1489
1470
1453
1455
1531
1503
1451
1471
1498
1547
1611
1702
1654
1700
1747
1808
1858
2016
1968
1996
2052
2097
2153
2310
2257
2258
2301
2339
2366
2495
2453
2446
2437
2461
2476
2517
2544
2470
2442
2443
2432
2417
2393
2374
2351
2323
2293
2265
2233
2190
2160
2124
2092
2054
2033
1996
1953
1923
1896
1871
1841
1816
1796
1781
1767
1752
1739
1734
1719
1700
1699
1696
1690
1705
1709
1721
1732
1750
1774
1806
1828
1868
1904
1937
1968
2006
2036
2068
2100
2144
2170
2194
2219
2245
2257
2264
2279
2290
2280
2277
2275
2259
2240
2220
2207
2176
2160
2114
2084
2059
2037
1994
1961
1928
1897
1885
1853
1824
1804
1790
1773
1777
1770
1753
1750
1753
1759
1763
1781
1785
1799
1815
1831
1856
1872
1901
1930
1961
1977
1994
2024
2039
2071
2098
2114
2146
2152
2189
2301
2058
2315
2325
2336
2426
2394
2536
2384
2467
2246
2432
2323
2419
2309
2381
2149
2248
2068
2081
2116
1943
1886
1887
1956
2078
2040
2178
2042
1995
1755
1875
1722
1793
1630
1746
1614
1650
1768
1720
1773
1672
1781
1625
1814
1837
2088
2032
2107
2021
2131
2078
2165
2215
2299
2254
2292
2357
2353
2375
2361
2397
2361
2417
2396
2487
2466
2498
2416
2436
2361
2376
2296
2293
2220
2236
2168
2087
2059
2024
2014
1924
1881
1840
1856
1808
1783
1754
1755
1737
1722
1706
1720
1702
1639
1621
1646
1695
1661
1658
1624
1603
1607
1603
1631
1646
1678
1716
1772
1825
1872
1911
1959
2044
2080
2133
2152
2233
2257
2321
2351
2414
2451
2490
2522
2536
2530
2554
2543
2553
2548
2563
2523
2503
2488
2449
2413
2356
2304
2258
2234
2184
2166
2108
2071
2004
1969
1915
1869
1819
1788
1764
1722
1675
1654
1622
1587
1569
1543
1556
1529
1527
1556
1601
1636
1690
1727
1762
1786
1814
1836
1857
1888
1895
1927
1950
2010
2051
2084
2105
2136
2166
2195
2254
2296
2329
2349
2352
2372
2369
2389
2384
2379
2347
2327
2331
2316
2321
2315
2281
2226
2198
2176
2154
2134
2097
2045
2003
1989
1972
1951
1939
1902
1860
1820
1803
1795
1791
1784
1772
1771
1751
1752
1774
1779
1801
1817
1828
1850
1885
1904
1935
1962
2012
2031
2071
2099
2132
2158
2181
2184
2179
2196
2196
2198
2194
2177
2156
2156
2164
2188
2176
2161
2135
2113
2100
2083
2068
2043
2005
1972
1958
1913
1895
1878
1853
1810
1801
1775
1776
1777
1762
1763
1741
1740
1734
1742
1755
1758
1774
1774
1808
1835
1875
1896
1924
1979
2021
2069
2117
2157
2183
2236
2265
2305
2347
