-172628
-1721439
-1751515
-1818465
-1830825
-1854206
-1851734
-1830310
-1803324
-1759240
-1688788
-1616894
-1521104
-1400594
-1283586
-1141961
-988491
-817614
-654153
-470298
-301378
-106296
91979
294889
497490
694014
892495
1095508
1272256
1443957
1605461
1749249
1897775
2008397
2113457
2188132
2235409
2267133
2248078
2231083
2172167
2113972
2018182
1896539
1767377
1600929
1443339
1265973
1113636
943171
783109
617279
440634
296743
135651
-42539
-186327
-334647
-459895
-597400
-726047
-812052
-947085
-1012490
-1109001
-1185736
-1227966
-1309645
-1337455
-1392560
-1398534
-1409349
-1407907
-1382775
-1378758
-1361454
-1320872
-1269269
-1207469
-1167814
-1076350
-1027013
-936270
-857063
-774560
-686701
-593074
-492855
-404893
-307558
-215270
-118244
-30900
64684
135754
243698
297258
380276
440531
514691
573710
650445
699267
763024
810507
844394
868393
893010
923807
915258
932047
905370
892392
859741
828738
781255
720588
665174
591117
537660
461749
386353
306734
248436
168508
114948
36153
14523
-20291
-84563
-86108
-123806
-114124
-135548
-111240
-94554
-65920
-27810
27192
57886
124424
114536
264504
216712
404275
293447
589057
567530
260693
541883
-464324
660951
-552904
763745
141110
464942
683611
74778
822146
179941
530759
290460
-28016
578242
-262753
308588
-217227
-224746
-323214
-809374
-705859
-1131352
-1179453
-1248875
-1534082
-1259072
-1453124
-1012387
-1268651
-1251038
-1180792
-1485981
-1356613
-1631932
-1439940
-1596500
-1506066
-1486290
-1428507
-1314177
-1202113
-1183264
-1046171
-940493
-754784
-654977
-331351
-283662
-26986
68804
139874
245758
409116
458041
791967
755196
933901
853252
1100761
1102203
1319636
1374329
1436953
1534391
1595985
1581153
1618336
1685286
1673750
1642438
1539850
1401418
1297800
1202319
1078925
988594
882195
798044
702975
526330
364929
138741
38625
-112579
-251835
-418695
-599872
-733360
-886727
-971496
-1046583
-1093345
-1081912
-1113327
-1151643
-1176878
-1187693
-1209529
-1219932
-1230232
-1268857
-1261647
-1282144
-1158132
-1075217
-1011872
-944407
-878899
-809992
-726665
-579581
-439810
-275731
-109695
2987
160989
272435
416223
546518
631699
711833
791658
886933
1040094
1181307
1303465
1379582
1403478
1428404
1357231
1329833
1283586
1247536
1228481
1209941
1160604
1091182
1044317
934828
866951
693808
574019
330630
219184
-1957
-150483
-287782
-367916
-469886
-560011
-678564
-824000
-969951
-1064093
-1162046
-1190165
-1262059
-1315104
-1382672
-1402551
-1435511
-1477947
-1475166
-1473106
-1472488
-1417074
-1356613
-1219417
-1127232
-975616
-829459
-693602
-563925
-424875
-296434
-140698
-3090
173040
309824
475448
580817
725017
854900
986431
1115078
1218490
1292753
1346725
1381642
1436026
1439734
1445399
1455699
1403169
1375153
1271844
1201598
1106735
974174
849750
729137
639939
525506
469989
379349
309000
223098
156972
23587
-34299
-135651
-199408
-298906
-361324
-439089
-496357
-549402
-593486
-612129
-625210
-638394
-637879
-650960
-642411
-632832
-635304
-620781
-620266
-601005
-597503
-573298
-539411
-502537
-448462
-371212
-302511
-230617
-144509
-107738
-32136
-7210
42436
90640
120098
169229
163667
209193
198481
235149
233192
261208
255440
258427
253689
239887
209193
176130
122364
85902
39552
-8446
-46350
-78898
-144612
-204970
-256470
-304983
-342269
-363693
-374508
-387486
-392945
-424875
-426008
-404996
-408807
-369461
-347934
-300142
-248436
-199717
-162225
-100837
-47277
39243
118141
225467
319197
413339
482246
584113
661775
751694
821219
879414
923189
981796
1023717
1073054
1082530
1088401
1086650
1082324
1059973
1033914
1014653
986843
941214
903207
822558
724811
641690
539308
436617
319300
229072
94554
-30076
-157178
-298288
-433218
-572989
-726665
-842540
-984165
-1120846
-1235794
-1344253
-1444987
-1555403
-1648206
-1721748
-1780046
-1825366
-1854103
-1855133
-1864609
-1837417
-1814551
-1754090
-1704032
-1624928
-1553034
-1450343
-1332099
-1173273
-1026292
-863861
-704932
-544973
-380688
-181898
11742
204352
407262
607288
809065
994362
1192637
1331275
1516366
1650884
1802500
1918890
2018182
2089355
2134057
2156614
2142194
2137765
2116341
2059588
1961326
1822791
1679415
1522031
1374123
1194388
1060076
878281
722854
554243
398301
238548
87550
-34402
-192404
-329600
-479362
-601005
-728828
-821219
-931120
-1032781
-1096950
-1168947
-1219829
-1302950
-1347652
-1385659
-1413057
-1408834
-1414602
-1384320
-1391633
-1378037
-1332305
-1278230
-1198508
-1135163
-1066359
-1004868
-950793
-862934
-761685
-669706
-558775
-485130
-380482
-299215
-227939
-130501
-47071
55723
112579
222171
287473
388207
413236
527978
449801
649827
618824
805151
722648
823485
802576
865303
868084
855621
817202
867157
838832
886315
764054
742321
618000
574946
506451
439398
335368
267285
200541
178087
90949
48925
-25029
-79207
-151307
-253071
-295713
-288091
-280366
-296434
-241844
-206927
-198893
-254101
-193228
-206412
-105472
-80958
31724
67568
159856
199202
251938
266667
260487
334647
334544
402936
436514
505627
523240
554758
568663
560114
541574
489765
434969
407056
340312
327231
224437
186945
46144
-30488
-175924
-315798
-447741
-541471
-655080
-725841
-846866
-923395
-1019288
-1076041
-1154218
-1224876
-1252995
-1307997
-1287294
-1309748
-1264325
-1243519
-1144948
-1138356
-1048437
-1000954
-935137
-855106
-718425
-629948
-475551
-369976
-183340
-82194
71070
190962
332072
486160
608215
765702
886521
1017434
1143197
1201186
1351154
1368973
1466617
1450137
1532228
1567248
1610920
1643056
1605770
1616070
1543352
1489483
1372681
1271535
1187590
1082324
1006207
893422
801031
651372
525197
353702
222480
40582
-85696
-208266
-316622
-438986
-572577
-678976
-847896
-915773
-1084384
-1152982
-1232189
-1288633
-1379170
-1406362
-1462497
-1473415
-1512349
-1497723
-1514100
-1447562
-1426344
-1350330
-1332923
-1185839
-1115696
-967582
-873955
-748810
-629845
-510777
-371830
-210326
-75499
99189
239887
388310
484512
652505
744999
855312
972217
1090873
1171110
1265561
1325713
1370930
1409452
1421812
1433657
1439219
1411821
1388234
1341678
1280496
1198199
1120537
1010636
889405
757256
618309
469268
316416
203631
45423
-86005
-244419
-385323
-544664
-677431
-805563
-918348
-1032369
-1119301
-1258660
-1308409
-1385247
-1425005
-1461158
-1481552
-1500298
-1491852
-1468883
-1418825
-1378655
-1282556
-1191092
-1079543
-983753
-858814
-731403
-586688
-418592
-281705
-102073
43569
196009
331763
458247
591220
704417
825751
936888
1026086
1114357
1196036
1257218
1304289
1327979
1328082
1339618
1305113
1298521
1241768
1196448
1108795
1031339
942862
811331
740158
589881
513043
403348
298803
191477
86623
-11021
-119995
-200129
-291181
-392018
-467620
-535085
-591117
-632832
-689379
-728519
-770028
-789495
-851192
-847999
-885800
-847793
-864376
-822455
-805254
-788053
-757050
-744587
-690924
-653741
-587615
-496872
-487499
-408395
-363384
-271920
-215373
-205073
-138535
-148217
28119
18025
122261
117523
169847
203219
231235
253174
251938
272744
279645
306837
311575
250290
225570
205176
190138
135857
97747
17613
-18025
-52633
-104339
-126793
-207751
-228866
-276246
-289018
-349273
-371933
-389649
-378422
-386044
-372757
-360809
-331454
-292108
-257500
-223819
-149041
-84357
19261
78177
167993
254101
352775
424360
512116
597503
691542
765084
841613
903310
962123
1017125
1055544
1075629
1087268
1105602
1113121
1093036
1089019
1059767
991684
973865
907842
877251
774972
700503
604198
522931
426214
311678
214034
62933
-40891
-171495
-299112
-433836
-585658
-725635
-865612
-1008679
-1142064
-1280084
-1359291
-1476299
-1557772
-1639760
-1718040
-1758416
-1821452
-1820422
-1835769
-1827323
-1811461
-1792921
-1708873
-1674059
-1595367
-1486599
-1378655
-1251553
-1105396
-946055
-763848
-606773
-437956
-274701
-60873
115463
306837
510468
731094
925455
1118786
1321387
1497723
1674471
1808989
1948039
2057219
2147138
2233864
2280729
2317500
2289072
2270223
2193282
2155790
2038061
1933413
1790346
1629872
1468780
1291723
1129189
961608
783315
620266
434763
274186
102176
-54178
-204764
-343402
-458865
-596267
-715438
-843055
-956252
-1051733
-1135060
-1213340
-1282659
-1339721
-1357540
-1407598
-1435099
-1447871
-1443751
-1427271
-1408628
-1400182
-1376286
-1297491
-1210147
-1141240
-1080882
-1049467
-987152
-935549
-793512
-756329
-623768
-568251
-413236
-338664
-230514
-178705
-80031
-1751
93627
169641
235355
311884
402524
467208
540853
612644
643132
697825
717086
762921
790216
831931
855724
851913
850368
826163
760346
742939
695765
664556
600181
559290
487190
422609
351127
266770
198790
129780
38007
-36771
-104133
-129368
-201674
-215682
-252968
-263886
-291593
-290769
-301584
-302408
-270066
-215785
-149041
-132973
-66847
1545
54281
116081
155427
215579
255337
301996
354938
391091
466899
483070
542398
559393
564131
582568
552801
573607
563410
547033
519017
472564
426111
348861
272538
181692
75190
-18128
-173864
-254204
-382954
-492237
-626961
-739128
-828841
-923292
-1025983
-1109310
-1206954
-1247021
-1281629
-1296358
-1328700
-1360733
-1324889
-1321696
-1273492
-1242695
-1149377
-1078616
-967170
-893731
-792688
-676401
-558878
-439192
-273877
-134621
-32857
116081
241329
400773
527154
647870
767247
880238
1025159
1098804
1204894
1286779
1393899
1436026
1480934
1481552
1502461
1530683
1512349
1496075
1459407
1384938
1336734
1257527
1201907
1071406
994774
862007
750046
609245
468547
351642
183752
62727
-71997
-247097
-371624
-523446
-630463
-757771
-857166
-970363
-1089225
-1144948
-1238575
-1309851
-1392560
-1443442
-1482788
-1515439
-1531507
-1520177
-1498547
-1461776
-1422018
-1347240
-1252789
-1178835
-1079646
-982208
-857887
-724708
-574019
-421373
-289430
-131222
-4738
153676
265740
411794
547857
677431
806490
908563
1041536
1147935
1214885
1292650
1333438
1393487
1413469
1452197
1471458
1479080
1463424
1418104
1380715
1300169
1226730
1123112
1031957
930090
790319
666204
537969
377186
198996
58401
-81267
-216197
-350406
-486984
-651681
-782388
-914846
-1033708
-1175333
-1267930
-1351360
-1408525
-1466205
-1489689
-1494736
-1506684
-1505654
-1464454
-1440970
-1394105
-1331069
-1221786
-1124760
-988903
-880032
-717189
-585658
-439295
-288297
-124630
23896
184370
338664
475345
618309
756638
874573
1008576
1099113
1188414
1229614
1298521
1339721
1375462
1377522
1393178
1380921
1356613
1299757
1237030
1164724
1087783
978500
898057
778268
698237
571032
472667
345977
265328
131428
31518
-80546
-176748
-252968
-337222
-398095
-473285
-515824
-584216
-641175
-670530
-720073
-732845
-763436
-746853
-796396
-774663
-785272
-772809
-752518
-726665
-697310
-654050
-628197
-561350
-522725
-466899
-395932
-342784
-291799
-238239
-172319
-121231
-56032
-9064
43878
100116
144921
175821
215373
241329
277173
291078
312090
327128
338355
330321
328982
304674
291284
252247
239269
179735
132870
86314
22248
-25338
-81164
-154500
-186224
-262753
-268933
-316519
-349376
-379040
-406335
-398301
-427759
-416944
-390782
-358749
-301687
-282838
-211562
-173658
-98983
-43981
41097
127823
202189
310236
391606
514691
581229
679388
747677
823588
884049
932768
984783
1042978
1078925
1104160
1087680
1099113
1090152
1077380
1043287
1024644
969951
935034
862934
804739
733978
662496
553007
446814
346492
217227
123497
-28119
-128647
-272023
-419519
-548990
-715026
-842437
-1000954
-1127232
-1259587
-1354244
-1456214
-1567454
-1628430
-1730503
-1757798
-1821864
-1827632
-1864094
-1839168
-1824336
-1795084
-1736477
-1673853
-1625443
-1505345
-1398534
-1275140
-1145360
-985401
-832034
-652093
-481216
-310442
-111137
70761
269551
479568
680624
872307
1068728
1264119
1408937
1580432
1718452
1876454
1975643
2096565
2141473
2202758
2227478
2237675
2193282
2162794
2097389
1994595
1878102
1734932
1584758
1428816
1260514
1116829
956458
791658
601623
457835
269654
123188
-68598
-209914
-360500
-479259
-614395
-722442
-860153
-944098
-1040403
-1121876
-1213443
-1271535
-1352390
-1383290
-1410070
-1427683
-1436335
-1437159
-1422842
-1405538
-1379994
-1327567
-1295637
-1225494
-1169874
-1101585
-1028043
-964492
-870041
-780946
-698443
-610172
-516648
-436205
-337222
-238342
-144612
-34608
51706
112064
196112
279542
336192
408807
487911
533540
616558
676607
731712
790113
826678
837905
872616
877457
876736
878899
860874
848205
807520
777959
723884
660127
586173
517678
457011
360809
306528
219802
149556
54178
-32033
-66023
-139256
-172216
-219390
-249054
-281396
-299421
-302305
-287576
-263268
-232780
-192816
-159135
-112785
-81061
-20909
28119
92185
131737
189829
247921
303850
357616
429510
461955
506966
531686
557127
594207
606258
617691
602138
584834
576285
537660
493370
440943
352157
287782
175718
82812
-33578
-142758
-258118
-377804
-481834
-609039
-722648
-834815
-941626
-1013829
-1122906
-1156381
-1233219
-1260514
-1308718
-1313353
-1327979
-1317988
-1285646
-1249699
-1228069
-1162664
-1096538
-1003117
-917318
-790525
-684332
-536321
-426008
-262238
-169744
-7931
118553
272641
401494
549814
675783
801340
914743
1014756
1133515
1218490
1310366
1387101
1458377
1502049
1532022
1569102
1578990
1558802
1537584
1495766
1452197
1382569
1325713
1223434
1136914
1013417
890950
761273
636952
515927
383778
258942
117214
-32857
-167993
-323214
-456908
-591323
-712245
-831210
-945025
-1042566
-1153703
-1229099
-1309748
-1378758
-1439219
-1485363
-1503285
-1506169
-1493397
-1470634
-1446532
-1393796
-1334571
-1257527
-1171316
-1074084
-957591
-850368
-720279
-585246
-452891
-318167
-189314
-49440
93936
247406
388310
521695
649827
771470
900735
1005074
1089637
1165651
1243004
1312014
1375359
1410791
1430670
1451682
1450652
1436026
1409967
1337043
1284307
1200568
1104469
1001469
887036
783315
661260
520253
388619
231132
82812
-75808
-220626
-369770
-513455
-646737
-792688
-889405
-1034326
-1137223
-1235279
-1317164
-1372166
-1422533
-1457347
-1483509
-1493912
-1481140
-1473930
-1422430
-1370827
-1298521
-1212001
-1112812
-1000645
-888684
-754887
-587100
-452479
-292726
-140698
6180
162328
324450
459792
594413
735008
847793
971496
1050085
1143918
1202525
1267209
1314074
1346004
1347549
1360115
1348373
1309336
1251450
1229099
1141137
1067080
976749
869938
759934
655492
563101
445166
349994
240711
124733
31415
-59843
-156251
-247509
-320433
-399846
-456290
-521489
-583907
-617588
-664659
-709052
-735832
-763745
-781358
-791143
-791040
-793821
-784860
-756329
-727592
-702563
-648797
-635716
-574019
-530450
-481628
-423227
-370079
-310442
-249466
-187048
-126175
-62521
-9991
48513
94657
145539
175203
220420
244522
270272
288915
302717
301481
330630
335780
316828
305395
269345
253277
207030
171598
132252
91052
47174
-6077
-55929
-106502
-180250
-225364
-276452
-305910
-345565
-362045
-394490
-401494
-401597
-405717
-385014
-369564
-314768
-272023
-225879
-160577
-118862
-12772
63242
129574
240608
322905
425493
482864
574122
647355
728828
804121
864479
933386
996834
1023511
1086032
1085517
1114151
1094066
1097877
1065638
1048540
1016919
961814
909593
855312
768071
705344
615425
527978
422197
329703
213313
83842
-28840
-157384
-282838
-426935
-547857
-702460
-818335
-985916
-1112091
-1234764
-1347240
-1460643
-1551077
-1631829
-1702281
-1736683
-1787771
-1818465
-1844215
-1850189
-1834018
-1818362
-1764596
-1712684
-1628018
-1522340
-1422224
-1292753
-1160501
-1009606
-847793
-676504
-501301
-323832
-111446
72924
292932
476684
687113
851707
1041742
1214782
1391633
1557669
1736065
1869553
1998921
2079673
2166502
2227684
2227787
2240868
2200080
2161661
2123345
1989548
1887166
1739670
1616997
1445708
1280290
1110134
941111
784860
610481
471534
301584
146363
-11433
-179117
-326613
-456290
-584834
-704211
-818644
-924013
-1020936
-1115181
-1173170
-1235176
-1294195
-1328803
-1386174
-1390088
-1417486
-1420473
-1414911
-1401315
-1383084
-1345592
-1294710
-1233425
-1177599
-1093036
-1038137
-972835
-882092
-814009
-709464
-618515
-514073
-433012
-346904
-253895
-156457
-86005
21321
85181
164697
245243
314047
382748
455878
523137
594825
639836
694735
730785
777238
807005
826678
857063
852840
860153
837596
805357
788362
745823
687834
626549
567942
488426
424051
351127
279336
198790
125248
44084
-20085
-83739
-129368
