-174791
-1621735
-1671999
-1705989
-1746365
-1757077
-1773763
-1751927
-1716701
-1673853
-1626679
-1545515
-1463939
-1362278
-1246094
-1107044
-964801
-806078
-646119
-472358
-325274
-130089
39655
254307
420652
634686
817511
1002808
1175539
1352390
1509362
1650060
1785402
1914358
1999230
2083278
2136529
2164957
2168150
2148889
2110161
2049700
1965652
1859974
1730091
1581977
1431494
1259690
1110134
948939
787744
627167
465354
313326
149659
-5871
-160577
-304983
-429304
-564028
-681139
-780122
-893937
-989830
-1066359
-1145566
-1185015
-1268857
-1306040
-1343326
-1371033
-1379067
-1365265
-1358570
-1339412
-1330348
-1288015
-1246403
-1188826
-1139592
-1054411
-1005692
-913919
-847072
-769719
-669500
-588027
-493782
-399022
-300451
-213725
-120201
-23690
52324
130192
230411
286237
370079
437750
506142
570517
622223
682272
747883
791246
830489
867672
885079
923292
912477
929060
920923
893422
862213
837596
791967
733566
684023
601108
562483
478641
400258
346286
252247
194567
137917
54075
41715
-48410
-70349
-105987
-116699
-131325
-142243
-138947
-116287
-110107
-49852
-34814
24514
69216
95996
190859
164491
357513
213519
738922
36874
586997
-264195
137711
123085
-167581
808447
-182516
889096
118553
403451
572165
187048
678152
79207
297361
331248
-240402
419828
-567324
102382
-652608
-569693
-773942
-1112503
-1068728
-1250317
-1309233
-1160398
-1260720
-769719
-1419134
-844188
-1411203
-1183470
-1493706
-1426344
-1424387
-1468883
-1427477
-1382878
-1388852
-1180174
-1264737
-1124863
-1058222
-853767
-736038
-553625
-319712
-197760
-54796
75396
13184
320948
224334
566088
660745
727592
799383
859432
1006619
1087062
1239399
1302847
1315928
1502976
1465587
1496281
1568587
1619057
1640481
1614319
1510289
1365780
1301302
1155660
1077895
1004044
877869
827914
685877
574946
360809
189417
39964
-81164
-237827
-424257
-592971
-704932
-826781
-931120
-982929
-1038240
-1025777
-1091697
-1100040
-1148965
-1102615
-1182028
-1121773
-1232807
-1205718
-1268239
-1215915
-1144124
-1082736
-1001469
-964904
-875603
-823382
-700297
-585246
-435381
-266667
-116802
2060
143582
225570
386765
492031
604816
673826
763539
852016
1010739
1111164
1212722
1265973
1312426
1322932
1299654
1290487
1244137
1248772
1203864
1176775
1101688
1059252
1029897
930090
900117
726356
612541
391400
259148
40891
-87035
-242977
-291902
-389546
-482246
-619957
-758286
-906709
-1018052
-1105293
-1139798
-1221374
-1275037
-1324992
-1389882
-1420370
-1457759
-1451785
-1444369
-1453433
-1395856
-1334262
-1212722
-1118271
-986122
-863655
-731300
-608009
-463706
-320433
-177469
-34505
144715
263783
408807
525712
653432
789701
938948
1072951
1157102
1250214
1300581
1346107
1370312
1383702
1388234
1410791
1353729
1325713
1247536
1162252
1089843
969848
854076
736759
641175
538690
486469
400361
340930
251320
175615
64169
-4841
-87447
-157487
-260487
-329806
-407262
-467723
-524167
-551668
-579684
-596885
-611202
-605743
-634789
-635098
-633141
-626240
-634480
-621193
-610996
-595237
-577933
-543428
-497181
-445887
-370388
-293138
-222686
-149453
-117523
-62521
-21527
24823
68083
107223
138741
155015
177469
184988
214034
234634
249466
257397
269345
261723
255234
228866
193228
159856
121437
77559
26883
-309
-66023
-117935
-168199
-230926
-263680
-299936
-325892
-337325
-359161
-374096
-407056
-392327
-389443
-389340
-364414
-332072
-292211
-250805
-215991
-187666
-146054
-88786
-3914
77250
184370
265534
352672
428995
511601
595958
679079
745823
821528
868187
923292
966655
1007443
1021760
1041433
1034120
1022275
995495
1002190
975719
950278
913919
873028
793821
719146
607803
527978
419725
332793
225673
116390
-2678
-115772
-254410
-390473
-520047
-643338
-771676
-892289
-1030824
-1131558
-1261029
-1355892
-1463836
-1555094
-1626370
-1685904
-1727928
-1764802
-1764802
-1783548
-1753884
-1738434
-1687552
-1649442
-1574046
-1516366
-1395032
-1300787
-1151849
-1011254
-850883
-710906
-541471
-390576
-215476
-30179
159341
352054
557642
736347
927927
1099525
1244034
1406671
1556433
1700015
1821349
1909929
1993771
2034868
2080394
2060103
2079467
2051657
2003556
1909002
1784887
1658197
1508641
1356922
1199126
1048025
890435
727180
575667
422197
270066
119686
-26162
-165624
-302202
-458762
-579581
-700812
-792688
-893937
-1010842
-1050806
-1155145
-1195418
-1279878
-1315413
-1357643
-1372578
-1382672
-1391736
-1363617
-1355995
-1353626
-1298830
-1271020
-1171831
-1120949
-1057398
-998585
-923086
-855003
-753754
-671045
-555376
-472255
-378319
-306940
-226806
-133694
-48925
43569
110519
209708
271714
378628
406335
507893
435896
644780
601623
778886
716159
804739
806078
839965
868084
859329
813906
876633
832858
901765
758698
766629
610378
606567
517060
467826
340827
292829
205176
191374
103412
56856
-38728
-51294
-165006
-233810
-292314
-283971
-281911
-313841
-263062
-236076
-219802
-277379
-240505
-219905
-155839
-104648
-26368
37080
99910
153264
207545
218051
245655
299421
293756
381512
391915
467929
485130
528390
548269
529111
518914
466899
429407
380070
344432
294477
227939
180147
77353
-27501
-162019
-263989
-403451
-486366
-597400
-663011
-782800
-848823
-933180
-987461
-1056368
-1136399
-1163282
-1198714
-1202319
-1215915
-1180586
-1144227
-1088401
-1052866
-985401
-934725
-876942
-807211
-680830
-607082
-463397
-351642
-194876
-98880
53972
155736
299112
435484
563925
696795
810610
942553
1050806
1147523
1235073
1288530
1357334
1369797
1459201
1492573
1548811
1564364
1550768
1561068
1496590
1450858
1334983
1263913
1163179
1067492
995701
895276
794027
660642
535291
386044
237518
85284
-59843
-166139
-291284
-413236
-529729
-665483
-788156
-896409
-1017228
-1101997
-1202834
-1257836
-1332099
-1379891
-1413881
-1432936
-1459510
-1470222
-1459613
-1420061
-1386895
-1342090
-1286882
-1169256
-1081809
-949454
-850883
-744484
-637467
-500374
-379349
-231853
-80031
65405
210841
347213
461337
593486
708743
814421
912992
1030927
1107971
1196448
1247227
1321387
1342502
1366192
1392766
1376183
1375153
1341575
1295534
1250008
1175539
1103645
1003220
896615
756226
634789
485748
352466
223407
90537
-44393
-201777
-335883
-477714
-610378
-737995
-841922
-969333
-1070170
-1195315
-1243313
-1326640
-1372166
-1413675
-1443339
-1459201
-1455390
-1446738
-1394620
-1366089
-1260617
-1195315
-1077998
-1002087
-870144
-746647
-598224
-450419
-303026
-131634
11124
152646
286958
411588
529111
658994
769204
881165
970260
1055029
1133721
1197478
1243725
1279157
1275140
1294298
1263501
1249081
1214576
1169874
1094581
1010533
922262
819983
721000
606567
519017
423124
322081
219081
112579
19055
-83327
-151101
-271817
-337737
-430128
-497490
-549093
-586791
-644368
-683199
-735214
-752415
-805357
-804430
-849235
-821940
-832137
-804224
-802061
-764260
-751179
-726974
-688349
-644780
-589572
-512219
-462264
-452582
-350097
-302511
-211356
-231750
-126484
-147702
-22660
42539
100734
153676
145642
217124
225158
262753
266049
274289
299627
312708
333102
278615
261929
221141
214858
170362
126896
63448
9064
-8652
-75396
-96820
-153676
-197760
-225776
-270787
-292417
-346801
-359058
-369152
-352981
-362869
-340209
-327128
-297876
-276967
-218875
-182825
-101249
-30076
47586
115566
208575
295507
368843
459792
544458
621605
705756
760964
839965
894040
953265
983032
1012696
1036901
1037416
1050703
1043699
1041742
1009297
949248
940493
874676
846248
754887
670427
607906
494709
448256
313944
222068
95481
-21321
-118759
-265843
-372242
-512116
-651475
-780328
-931120
-1054720
-1186663
-1281114
-1362896
-1483097
-1547987
-1629357
-1656549
-1729061
-1735035
-1738537
-1747601
-1722263
-1724117
-1645425
-1601135
-1516675
-1437571
-1339206
-1217872
-1079852
-921335
-781564
-603889
-454642
-287576
-103618
80031
262444
450728
651372
858711
1034944
1227245
1391633
1555815
1698264
1823306
1949275
2049597
2123345
2185042
2221298
2210895
2192664
2135396
2092857
1980793
1898908
1751618
1613392
1449004
1279054
1121155
964904
794748
628300
460513
291490
136166
-39346
-164800
-313532
-432600
-566809
-686804
-803400
-924631
-1003838
-1106838
-1188517
-1242180
-1297388
-1326743
-1374535
-1386483
-1413366
-1411924
-1410585
-1373917
-1372269
-1330554
-1265458
-1191710
-1106529
-1074084
-1028867
-965007
-894452
-784345
-732124
-616455
-557539
-395932
-330733
-227115
-159135
-70761
2678
104236
151925
249981
304571
398713
464118
542810
595649
635304
688967
702151
753136
785581
837802
840377
865200
837081
829768
771367
760964
705859
678152
618412
572165
513970
430437
376671
294477
218978
163358
61388
-6180
-99498
-123188
-188284
-211562
-249466
-259045
-297773
-308691
-329600
-309206
-300760
-250599
-191889
-158311
-98262
-37492
-10300
80546
108768
161813
218051
252453
305189
364620
409116
450419
492855
526124
529626
548475
528802
558878
527875
515103
504082
452273
411485
343608
287370
180662
98777
-18849
-137917
-223613
-327540
-461234
-558775
-703799
-756020
-870041
-940596
-1034429
-1132588
-1167814
-1192637
-1222713
-1247330
-1295431
-1248051
-1243416
-1181204
-1166269
-1087371
-1028146
-929781
-842334
-765599
-652608
-566397
-430952
-303232
-173143
-52015
81267
215373
335368
475860
569693
686083
809168
943789
1022584
1106735
1208499
1297594
1365986
1388131
1406053
1425932
1439528
1444678
1431700
1405847
1342605
1297903
1232086
1158338
1061415
963256
857887
733978
616043
476890
363899
200335
85181
-52015
-212489
-346389
-477199
-603992
-721515
-828738
-930811
-1053484
-1121567
-1194388
-1272050
-1344665
-1403581
-1441794
-1476814
-1502152
-1478462
-1473003
-1433039
-1387101
-1311911
-1233734
-1154218
-1058325
-961196
-844085
-715026
-571135
-444342
-301996
-147599
-20291
136475
232677
387692
489456
624901
763951
854694
988285
1091800
1166784
1233631
1295225
1335704
1363720
1389161
1419855
1419649
1416044
1381024
1347652
1277303
1202319
1116726
1035665
916803
810610
673517
554552
402730
248539
100425
-37801
-163873
-302099
-434557
-581332
-722957
-862728
-985195
-1108898
-1204585
-1294092
-1365986
-1403478
-1444987
-1457347
-1473415
-1466720
-1451682
-1437056
-1377316
-1318915
-1211383
-1131970
-1002602
-888787
-738922
-603271
-466487
-322390
-157796
-13699
124939
285928
425184
578242
689173
818850
934519
1027528
1113121
1160295
1240326
1268033
1322623
1315516
1357334
1348888
1306349
1258557
1199950
1152364
1059355
965934
886109
780122
695765
583186
482555
366783
291490
153058
80340
-44805
-136578
-216918
-285310
-360088
-428171
-485645
-546518
-596370
-629433
-679388
-705035
-735832
-732742
-754475
-759110
-767453
-756844
-743969
-714408
-687113
-658479
-624180
-571959
-526330
-473388
-416841
-350097
-307352
-247200
-208884
-134209
-91979
-24823
39655
95893
125969
173555
213004
242050
276246
303644
311987
346801
344844
336192
339282
315077
305601
286752
239166
212798
146054
118347
61903
-6283
-43363
-112579
-154397
-222274
-234634
-285516
-307764
-355659
-368843
-390370
-388104
-400567
-371315
-368431
-304674
-278718
-229381
-193331
-126175
-83327
20703
68701
160371
250393
331351
441046
525712
609657
693911
766732
823073
863346
921129
967994
1020627
1022481
1039270
1046583
1032472
1022790
996937
972526
943171
885388
841201
775178
723575
641278
545797
456187
346286
241844
133179
12669
-94245
-227321
-353908
-495018
-635407
-774869
-920820
-1047613
-1166681
-1271226
-1362587
-1450343
-1539953
-1618027
-1678694
-1726074
-1744305
-1765729
-1774175
-1744717
-1716495
-1661081
-1606903
-1536245
-1450343
-1353420
-1237648
-1117241
-977367
-811434
-656007
-484306
-320330
-134209
27501
222995
417768
614086
802267
992302
1155145
1331172
1482376
1605976
1774484
1874600
1990372
2052790
2097389
2135499
2143430
2127156
2086677
2025701
1943816
1831752
1705474
1559420
1403272
1260720
1107559
952544
791452
608421
463397
291902
144200
-44908
-188902
-343608
-454024
-576285
-696074
-814318
-918245
-1005280
-1098392
-1168947
-1238266
-1299654
-1332923
-1365677
-1400079
-1401212
-1406774
-1387822
-1373299
-1343429
-1306452
-1273080
-1196757
-1163385
-1084384
-1025880
-946261
-862728
-771367
-678564
-606773
-504597
-416944
-321154
-233089
-132149
-51397
48307
128029
189829
273053
322699
400876
471534
526021
602653
656110
720073
766320
798559
831622
846351
871792
872307
873028
861389
856342
823897
785272
733051
673826
608730
531377
468856
395932
320227
239269
155221
77250
-8858
-54384
-125042
-175409
-225055
-268109
-293241
-307970
-324038
-303232
-291181
-261929
-231029
-196524
-165830
-117214
-70246
-14214
43878
81576
147496
200232
259560
310442
362045
416635
462470
490898
512013
549608
561350
573813
584216
554964
535085
510571
463706
423433
337531
272126
171598
83224
-12772
-112888
-216506
-338870
-425905
-565367
-656728
-754269
-859947
-943686
-1038652
-1086547
-1149274
-1191195
-1215297
-1236412
-1237030
-1232189
-1201907
-1182028
-1149480
-1084075
-1041742
-939463
-889817
-751076
-663629
-524785
-425184
-272950
-179529
-43981
78795
226909
341857
489662
601726
729549
836360
949557
1050188
1152055
1213649
1310984
1369900
1423975
1458377
1497723
1502152
1502358
1477432
1459716
1405229
1353317
1284925
1217254
1096538
1034841
884564
777341
633862
536939
395520
266976
132252
2575
-144921
-276864
-420446
-552698
-673517
-784242
-892907
-1011254
-1105293
-1200774
-1266488
-1349609
-1395959
-1450343
-1456008
-1476402
-1456420
-1446017
-1412645
-1363823
-1299242
-1241768
-1139592
-1062033
-945540
-840377
-718116
-585349
-459792
-335162
-211047
-74675
76735
202189
349891
462676
615322
717601
846248
954295
1044008
1118271
1185633
1245064
1320975
1356819
1388955
1406980
1402654
1377522
1374535
1320151
1267106
1181410
1095405
1008061
902280
789907
684950
554449
423433
277688
135754
-33166
-161710
-312090
-445784
-589469
-715644
-839862
-965625
-1051939
-1173582
-1255467
-1320357
-1362896
-1408834
-1437056
-1444781
-1450343
-1437365
-1398328
-1353008
-1277406
-1200259
-1107971
-998070
-888581
-764878
-597297
-475860
-316210
-183237
-20497
130707
288297
411176
551050
679491
807314
899396
1004662
1079543
1163076
1209735
1255673
1287706
1305010
1308203
1305525
1270608
1225082
1174715
1115181
1043390
967479
860977
773736
664968
571753
465560
365238
258221
148835
61285
-16995
-118347
-199717
-292417
-371727
-426420
-490280
-537145
-582465
-624386
-681963
-711936
-741291
-762509
-764054
-776929
-780946
-764981
-751488
-727695
-694014
-660333
-626549
-588542
-544355
-481937
-445372
-375229
-328673
-260693
-217536
-144406
-81576
-17922
27604
77250
132046
164182
208678
235355
276555
283147
316725
316416
338046
346183
333617
336707
290254
274392
239166
199717
167581
123497
84357
26059
-17613
-72615
-141625
-176027
-237003
-272847
-305498
-334132
-355762
-371521
-384087
-389752
-370182
-359367
-307249
-270169
-244728
-161916
-125866
-50058
14626
89610
183546
256264
352054
428377
519841
588336
665689
737171
801340
854179
927412
944819
1009194
1026292
1045965
1041330
1031957
1025262
1000336
974895
916906
885491
819880
763127
696692
601417
526330
412412
336501
233089
124939
1854
-122982
-243595
-379555
-493885
-626652
-759831
-893628
-1035871
-1150510
-1265973
-1361557
-1458686
-1541292
-1598972
-1650060
-1690436
-1737610
-1749146
-1759652
-1753472
-1738434
-1691878
-1645322
-1558802
-1471252
-1371548
-1263089
-1131661
-993538
-832549
-665998
-505421
-337016
-146672
37286
235252
407056
621193
788465
959136
1123627
1308203
1471252
1640378
1762742
1889638
1976158
2052687
2126847
2135602
2137868
2133439
2086677
2058146
1931044
1854412
1691775
1591659
1418722
1273698
1093242
949969
780122
622841
463088
322596
153985
10197
-156045
-293653
-424978
-563410
-673929
-782800
-891465
-998070
-1072951
-1140622
-1203349
-1245991
-1299654
-1350742
-1366810
-1385247
-1384217
-1396268
-1358570
-1362278
-1314383
-1286573
-1208602
-1158956
-1068213
-1015786
-941626
-873955
-791452
-698649
-600696
-503258
-410455
-331557
-243904
-170568
-69216
-618
93318
164800
222480
308588
381821
441767
517884
577624
631699
687216
733360
764981
798662
830077
839862
839141
856342
836875
819880
792379
753754
701327
635098
589057
502125
442694
370594
292623
212283
145745
58092
-6386
-77662
-124836
