-167169
-1611538
-1681784
-1727928
-1775720
-1780458
-1802912
-1795084
-1773042
-1719688
-1673750
-1608654
-1531198
-1417486
-1319430
-1192843
-1037313
-896924
-738201
-557024
-398507
-224231
-35741
156457
349479
548269
737068
927515
1103336
1285955
1456523
1602680
1735344
1869656
1972141
2069991
2137559
2170210
2173197
2167841
2136632
2085544
2008809
1911165
1788183
1645219
1505757
1336837
1188105
1023202
857681
693190
551153
391812
238136
83121
-80031
-227733
-363384
-481834
-624283
-727283
-842746
-947291
-1021348
-1115696
-1167711
-1246094
-1285440
-1338279
-1363617
-1379273
-1381230
-1370518
-1362381
-1352287
-1312117
-1281114
-1214164
-1163179
-1103851
-1041330
-980045
-886006
-812361
-722854
-630051
-531068
-438368
-350097
-260487
-167272
-69422
11536
106708
185606
270890
332587
410249
486366
539720
612747
674238
732742
783109
822970
862213
876118
917215
915876
929163
927000
900632
874779
833682
799589
743042
690512
619957
551050
487087
394181
353496
261208
189726
149865
60461
25647
-44187
-85593
-95893
-128441
-138947
-164594
-134724
-142964
-106296
-68598
-50676
17098
52942
87550
198172
157796
355556
214961
645501
358234
384190
207854
-228351
358440
-438883
801340
-16583
741291
402318
253483
759625
192404
673002
118759
412721
390164
-22248
315180
-225364
2678
-415708
-560114
-710803
-1007752
-942965
-1353626
-1212310
-1362999
-1091079
-1108074
-1046274
-1263501
-1145566
-1410276
-1340751
-1597015
-1335189
-1624928
-1367840
-1577548
-1326434
-1362587
-1147523
-1226730
-1063372
-985401
-816378
-681757
-454230
-378113
-156251
-26471
1545
176439
260487
372963
641896
599769
765393
723060
987873
1010018
1177805
1299551
1326846
1543970
1512658
1561480
1583625
1644601
1679621
1585685
1539747
1407083
1316031
1272050
1118580
1116211
916700
931017
729858
632523
407056
248333
167375
5459
-108665
-342475
-478435
-667234
-775487
-876736
-964183
-960990
-1022481
-1024644
-1077174
-1100349
-1111370
-1175745
-1168947
-1223640
-1235176
-1256497
-1254231
-1145978
-1095405
-1036283
-1004456
-938845
-885182
-780843
-649106
-495121
-341136
-197348
-90846
31518
145642
293756
417562
507687
562071
674032
808241
914846
1150407
1205100
1336322
1310675
1360527
1310778
1287294
1264325
1233425
1251862
1214988
1194079
1109619
1073672
969745
913198
750458
623356
421373
296846
114124
-48616
-169538
-263680
-353496
-465251
-595031
-716262
-886727
-973968
-1072127
-1133618
-1186766
-1289457
-1303053
-1375050
-1409864
-1441794
-1470943
-1427477
-1465999
-1397504
-1349506
-1247330
-1132691
-1021966
-866436
-763127
-652196
-502022
-369667
-213725
-82194
82812
242874
362663
511189
612850
776826
908975
1047922
1129704
1215091
1279466
1325198
1366707
1384217
1388337
1407598
1378552
1346004
1288221
1216327
1136502
1004662
896409
781564
680521
586688
521180
449183
383881
300554
215270
90640
33269
-52015
-150483
-217536
-307146
-368534
-452685
-497387
-542398
-588336
-606361
-618824
-601211
-637055
-646222
-645913
-646634
-633038
-646325
-631390
-630875
-599769
-581538
-540029
-481525
-418592
-334956
-273671
-183237
-146775
-83018
-33372
3708
77662
88786
155324
174791
184885
209811
229793
242668
254410
257500
276761
278821
263371
237415
192198
167066
128956
79516
45320
-103
-44393
-87550
-161710
-203116
-248848
-284280
-314047
-321875
-345565
-351436
-392636
-388619
-390885
-402730
-379246
-365341
-324347
-286031
-239166
-215270
-153058
-122776
-26059
43157
153573
230514
332690
406644
491207
567427
660230
739437
811434
856033
921438
953471
1017022
1023923
1048128
1042051
1052763
1038652
1034635
1020318
990036
956767
931532
850471
785066
672075
593692
479980
395417
305498
177984
53972
-58298
-198996
-328570
-463191
-605949
-733978
-860153
-994156
-1119713
-1223228
-1336116
-1459613
-1557051
-1634301
-1702075
-1737507
-1785505
-1785711
-1812903
-1784063
-1780355
-1732975
-1688067
-1634507
-1569411
-1466823
-1364235
-1231983
-1094478
-935137
-800310
-630669
-492134
-303953
-115257
75911
269551
465251
659818
831622
1021451
1174303
1333232
1507096
1637597
1790243
1867699
1975952
2022096
2056292
2060927
2070197
2059382
2023332
1957721
1839065
1709903
1579093
1416147
1265767
1131970
959342
804739
667234
509850
350303
199099
67774
-81370
-216712
-377083
-509953
-603374
-734184
-821837
-950278
-1008473
-1105087
-1158132
-1233631
-1283277
-1335704
-1364338
-1377625
-1371651
-1372063
-1356510
-1356716
-1310160
-1262059
-1201495
-1119816
-1077071
-1009503
-955840
-888375
-787538
-710185
-596782
-514794
-412721
-336192
-277688
-165418
-86314
5459
87653
175924
242874
333720
403554
479465
434557
622326
586173
750149
732948
782697
828120
801855
900014
805769
866230
837905
874676
853767
808550
718219
657140
581229
542501
450934
375023
271199
233501
163770
138226
45526
-3502
-81782
-148732
-241432
-298391
-302511
-314253
-330630
-275422
-268212
-251629
-294683
-261517
-237312
-197966
-113094
-54384
53354
87138
152646
195906
226600
230205
299009
299215
381512
449286
469783
548887
526330
599048
557951
565264
530038
483585
447432
394902
385529
306631
258015
151616
32960
-83842
-232780
-341960
-451655
-544355
-632626
-746647
-845424
-914949
-989830
-1071509
-1160604
-1176672
-1227863
-1230026
-1259484
-1223331
-1214473
-1123112
-1116726
-1052145
-1007958
-945849
-889096
-769410
-684126
-545385
-415914
-281396
-143479
-35329
106193
213725
357513
498520
644162
762715
893628
999203
1083766
1208396
1267003
1333541
1351978
1445502
1480625
1542837
1573943
1563231
1566115
1530271
1479286
1383702
1286470
1222713
1133515
1058840
956149
862831
731300
588336
460513
305086
152028
29664
-102176
-194258
-321154
-469268
-586173
-724708
-837699
-959960
-1076247
-1148656
-1223331
-1297285
-1356510
-1392354
-1444472
-1462291
-1480419
-1479389
-1458171
-1419752
-1366398
-1333026
-1208705
-1137429
-1017434
-926073
-801340
-716365
-570620
-451655
-294065
-152646
14008
155736
306116
406335
563101
658582
776723
892804
1010945
1091388
1212001
1249699
1318812
1349300
1389573
1409349
1406259
1406980
1375668
1350124
1307379
1216533
1173582
1063372
947703
815142
677431
547136
404790
280057
151925
3605
-134415
-291387
-433527
-592868
-717498
-817923
-944098
-1043699
-1167917
-1238884
-1317061
-1355995
-1411615
-1437056
-1466926
-1468574
-1467647
-1422945
-1390191
-1298109
-1227760
-1115078
-1027837
-923292
-799795
-664762
-520459
-350406
-190344
-43878
87138
236282
360500
484409
609245
726974
843055
952956
1033399
1123318
1199435
1244137
1278642
1284204
1301611
1292547
1274728
1257836
1186663
1148553
1048334
979015
863449
754166
652299
552595
461440
369255
261517
164285
64993
-49646
-122467
-230823
-323935
-401185
-475860
-527154
-582465
-634892
-686392
-723163
-750046
-819159
-824000
-857887
-849338
-856033
-845424
-824721
-805460
-780019
-762818
-719661
-684950
-621708
-544561
-537866
-447226
-417253
-297361
-281396
-230720
-209090
-140595
-37183
-927
87035
101661
165109
195288
240402
241226
265328
266667
306425
330733
317446
296022
269448
259663
238033
172937
144612
60564
44084
-20188
-40994
-89816
-148114
-174894
-217639
-266255
-306837
-341342
-354114
-374302
-372757
-364517
-369976
-352260
-328879
-291799
-261723
-203734
-131016
-72512
10300
81576
165830
250290
340518
427965
502537
598636
677431
748295
821322
874367
942038
975719
1016919
1039888
1050909
1056162
1056368
1056471
1030824
997761
971290
930914
877251
804018
745411
647046
587512
479053
371418
273774
149762
54075
-73027
-190653
-344844
-457526
-611923
-736759
-894040
-1020627
-1148450
-1239090
-1357437
-1450137
-1534391
-1620602
-1681166
-1733696
-1756562
-1763875
-1771909
-1759961
-1759549
-1707843
-1638833
-1587539
-1491337
-1397504
-1279466
-1154012
-1000233
-854900
-697207
-520974
-366165
-175203
-5047
179529
378731
574431
766938
964389
1160810
1337661
1514615
1656755
1803221
1914049
2019521
2106144
2167944
2217693
2212749
2217796
2160631
2110985
2029718
1934752
1804560
1661802
1512658
1347652
1207160
1034841
878590
717292
538072
388825
216403
63860
-96614
-237930
-369667
-491825
-624180
-744072
-857269
-966552
-1070891
-1148347
-1214370
-1275037
-1333541
-1364441
-1401830
-1415220
-1410276
-1426653
-1385247
-1399873
-1352802
-1306246
-1215503
-1151437
-1094890
-1075011
-987255
-960784
-822043
-790628
-661569
-590190
-460822
-366165
-292829
-212386
-121334
-34814
53560
134312
207236
275422
364105
437235
509850
579890
620575
672796
694426
737171
783624
824515
840892
850059
850574
818129
764672
749531
718528
689379
626549
584628
507687
453303
388928
306322
216403
153161
72615
-10197
-79825
-118553
-180765
-210841
-261105
-265946
-311884
-312914
-351951
-327025
-310854
-264298
-201262
-167066
-116699
-54281
-20909
54487
88477
168199
199717
272126
311884
372654
435175
473697
524888
543119
579169
573092
582877
585761
580508
597709
552595
538690
482143
404275
355968
252762
168920
45217
-65817
-165727
-290666
-388516
-536218
-628815
-739128
-833785
-936476
-1028043
-1121258
-1179247
-1216533
-1255364
-1266694
-1312735
-1289251
-1290796
-1241768
-1217151
-1158235
-1071200
-983547
-924940
-821322
-757153
-604095
-522210
-366371
-237621
-123497
22042
126896
286649
403245
541265
612232
776105
895894
997349
1083972
1193049
1265767
1344356
1374844
1404817
1440249
1468059
1475784
1449622
1443648
1371960
1349609
1283277
1227142
1130528
1038343
921438
810919
716674
565779
451964
294168
173349
23587
-132767
-250393
-402215
-515618
-654874
-756741
-870968
-986431
-1054102
-1153188
-1231159
-1322520
-1379170
-1433142
-1455905
-1511525
-1484539
-1488659
-1465278
-1424490
-1363514
-1280599
-1213443
-1121670
-1042566
-917215
-783830
-652711
-488014
-383366
-216197
-89507
68495
184473
326819
460616
572886
714923
822146
953883
1057398
1147111
1217254
1272874
1326331
1351669
1413572
1434584
1449622
1446120
1405641
1383805
1313353
1258866
1155454
1086341
988182
852119
740570
610893
470710
299833
147187
14729
-131943
-250599
-403039
-534364
-692984
-819983
-957694
-1078719
-1183367
-1285440
-1345798
-1416353
-1436541
-1465690
-1476608
-1475166
-1456420
-1449107
-1408731
-1347549
-1250420
-1161428
-1056471
-920511
-802576
-649827
-511807
-355144
-215682
-53663
77353
237209
376568
519532
651063
791040
921850
1000130
1113945
1158956
1225391
1271535
1323138
1336528
1370724
1361969
1339927
1294916
1254746
1187899
1120125
1017022
929369
835742
733875
625828
523137
416532
321154
197657
92391
-16789
-110107
-193331
-249672
-332484
-399640
-465251
-527051
-583392
-626549
-677225
-693602
-740467
-736038
-764157
-759934
-791040
-766217
-775384
-735935
-721000
-689791
-665792
-606773
-561453
-505936
-451449
-386147
-341548
-283044
-232574
-149041
-105987
-32857
15759
89301
120613
168405
207854
229896
274392
299936
322287
344947
356586
353702
348346
341033
328467
299936
260178
223304
184885
123291
91567
16583
-21527
-105987
-132973
-215373
-236282
-276246
-316828
-354423
-391709
-390267
-402524
-421064
-393975
-377701
-333102
-305086
-263989
-227115
-154603
-101661
-23999
37595
121643
215579
298803
408395
494194
580302
665483
738716
793409
868084
910417
968612
1015889
1051424
1039991
1063269
1058428
1056883
1038034
1017022
984989
938536
889817
832652
771985
705138
625107
527154
415296
311781
188593
73027
-41921
-156251
-306837
-427141
-588542
-733154
-869835
-999512
-1128571
-1248257
-1332202
-1461158
-1519250
-1634301
-1684977
-1725765
-1766965
-1771291
-1800852
-1787050
-1766862
-1723602
-1656240
-1615040
-1515336
-1427374
-1302435
-1197581
-1047098
-900735
-727489
-571135
-397786
-225467
-54693
126381
336089
538072
728622
924219
1102306
1266488
1425211
1567763
1720821
1832885
1953395
2023229
2100376
2123654
2151567
2155481
2097080
2063296
1989445
1884591
1762227
1628121
1472385
1331893
1189341
1036592
880959
700400
553831
382336
233398
44702
-96820
-261414
-381306
-518296
-620575
-745926
-849029
-949042
-1048231
-1144536
-1206645
-1284513
-1318194
-1363514
-1374432
-1406877
-1406877
-1400800
-1380818
-1361042
-1323859
-1294813
-1224052
-1178526
-1116005
-1055647
-985504
-906915
-812258
-741703
-641484
-555273
-465457
-373272
-272538
-195391
-93009
3605
79413
154809
247509
301172
374714
448462
498829
593589
638394
699267
765290
794439
824206
857063
879826
870865
877148
864273
862110
815657
795778
736347
685774
615528
544973
480392
404996
316107
252865
160577
87550
5562
-61182
-121540
-174688
-221553
-265431
-300039
-323214
-326304
-324038
-295095
-287679
-249981
-210944
-172834
-135548
-87344
-31312
12051
74057
140492
195906
257912
310854
385941
431261
469886
516854
533025
586173
607288
626343
630154
607288
595649
558054
542604
476581
416532
347728
250187
157487
58401
-55929
-156869
-289121
-382542
-522210
-629021
-738613
-841922
-923395
-1031442
-1086032
-1157205
-1204070
-1245682
-1262677
-1274625
-1274522
-1253304
-1238781
-1207057
-1159574
-1113533
-1019185
-950690
-835639
-728828
-603065
-502228
-364208
-254101
-116493
12257
159547
274289
424463
531274
670015
784551
887036
1000851
1095611
1189032
1277715
1346931
1401624
1448386
1493706
1510186
1506581
1504109
1474239
1448283
1386586
1329730
1258866
1170389
1077998
945540
834197
722236
610069
492855
351642
232162
79619
-53251
-195803
-333926
-471740
-603786
-726253
-832858
-952853
-1060076
-1156175
-1240635
-1317576
-1384938
-1437571
-1457553
-1475475
-1478977
-1460540
-1439528
-1394414
-1340957
-1279775
-1199435
-1114872
-1009297
-904443
-783212
-662393
-533025
-404790
-271508
-135857
14111
131737
291799
423948
561556
680727
796808
912889
1013314
1106323
1166784
1251862
1308821
1338691
1396474
1416662
1428301
1419855
1395753
1353832
1296564
1246712
1145669
1053690
963050
833579
740570
604095
464221
326098
165006
19673
-120613
-254822
-408704
-555376
-698031
-803812
-936373
-1055956
-1146905
-1241974
-1312014
-1356304
-1415529
-1440867
-1455699
-1465278
-1451476
-1416044
-1386277
-1311705
-1231365
-1148450
-1057501
-929369
-816172
-658273
-521489
-358440
-231235
-75705
74881
229175
376671
511704
641381
763951
881886
968921
1051218
1147420
1202113
1254746
1288530
1317885
1316649
1325919
1299242
1260308
1227863
1176775
1083354
1019597
911962
821322
708125
632111
510674
413957
308485
198996
99910
16686
-75602
-172422
-258736
-339797
-401391
-483276
-509232
-572989
-609245
-661672
-707301
-754784
-762509
-776620
-774148
-791143
-773530
-779401
-755196
-726253
-694426
-666513
-619751
-566294
-531995
-464736
-418798
-350303
-290563
-229587
-170156
-99086
-46968
14626
75602
117008
173040
191580
241123
265431
290563
311884
318682
353084
345977
351333
333720
331866
288606
260075
225673
173967
140286
92494
38522
-7828
-64066
-124836
-180456
-234943
-276761
-309721
-331660
-372860
-378834
-399537
-410867
-396962
-376774
-350097
-306219
-272847
-212592
-159032
-96408
-27810
50058
132664
221450
317858
388310
477817
556097
649312
719249
787744
842643
908872
955119
1003838
1047201
1056162
1046892
1055029
1048952
1032163
1011357
968200
928751
879208
809889
752930
661157
586070
488220
398095
290151
178190
59328
-55002
-188284
-302614
-440943
-569487
-715232
-845527
-982620
-1121773
-1245888
-1347858
-1449107
-1536451
-1605667
-1661699
-1699809
-1760991
-1775617
-1793951
-1785505
-1782827
-1743893
-1703311
-1622971
-1549223
-1441897
-1348785
-1220962
-1075732
-908563
-762200
-584319
-430334
-223510
-38213
146157
328364
527154
701533
887345
1058531
1239502
1409143
1574149
1721233
1854309
1945361
2043829
2096668
2140546
2150331
2138589
2109852
2088840
1972759
1907045
1758519
1653253
1490101
1347137
1182131
1014756
859741
695250
562071
394284
258942
83533
-65405
-214137
-356174
-485542
-618103
-711833
-840892
-941317
-1039064
-1101791
-1163179
-1245064
-1282144
-1334159
-1360321
-1393384
-1387822
-1401212
-1374741
-1368767
-1334365
-1293680
-1241974
-1184191
-1112297
-1054926
-981899
-918142
-837287
-750664
-649415
-552080
-472461
-377083
-298082
-208472
-115154
-28222
57268
137196
189314
281190
350818
427553
494503
556612
616455
667543
725944
761067
790422
815451
837184
838523
852634
851295
816584
797941
756020
710597
650033
584422
518811
450419
371830
303438
216197
140389
66023
-515
-65405
-123085
