-180559
-1635640
-1700324
-1741730
-1805384
-1814448
-1827529
-1828971
-1808989
-1769025
-1704135
-1653047
-1568175
-1465999
-1360527
-1237236
-1085002
-924219
-772912
-593589
-434454
-246582
-62521
139977
339385
540132
726974
929163
1113636
1298830
1467029
1623589
1774381
1886651
2014783
2105526
2176390
2224285
2253331
2237984
2217281
2162073
2101612
1992638
1874291
1729885
1582389
1417795
1248669
1090152
906915
758080
577109
432188
249775
101249
-61491
-212283
-364929
-493164
-626034
-752003
-853664
-985813
-1057398
-1167917
-1225803
-1290590
-1352390
-1391633
-1420473
-1444781
-1439940
-1432936
-1415632
-1399564
-1371651
-1333953
-1275552
-1216430
-1151643
-1079955
-1010224
-940287
-847484
-756535
-652814
-554861
-456290
-355968
-271817
-174791
-69319
18025
107017
201159
280057
343711
426008
506142
578963
646428
709876
779195
827708
871071
912168
942759
963462
972938
982311
984680
979839
933592
916185
851192
798559
747574
675577
615322
530759
449595
398198
271714
235561
148629
83739
31209
-49131
-65405
-119171
-161195
-171083
-188181
-181074
-160474
-166036
-104442
-96408
-3708
-24720
94142
79928
201468
215270
312090
628197
18025
562895
-477714
359882
-303644
192404
580714
-50676
1020112
-101764
692160
396756
388619
706477
32342
711730
85387
132973
225879
-403348
203631
-753239
-296434
-956252
-906709
-1092624
-1275861
-1212001
-1286676
-1008988
-968303
-1205924
-1019288
-1352905
-1284719
-1545824
-1471458
-1442412
-1570235
-1409555
-1583625
-1360115
-1363102
-1239296
-1295019
-1062651
-1020524
-815039
-618618
-471225
-297876
-178396
-26162
-68186
236076
125660
516648
542707
669603
686392
801649
953780
1066771
1203864
1278642
1355789
1588981
1514409
1600826
1626164
1715362
1748940
1676428
1610096
1471458
1404096
1327876
1200259
1187899
985916
1008473
759728
734699
404172
339179
128853
68495
-133179
-369873
-519429
-683714
-782285
-888272
-963771
-984886
-1022687
-1070788
-1092727
-1138665
-1106838
-1226833
-1159883
-1309954
-1284204
-1353317
-1292341
-1183676
-1189650
-1080573
-1104263
-978912
-986431
-799280
-703387
-499962
-362869
-186533
-113197
57577
130707
310133
392533
513352
582774
716983
821940
978603
1177908
1204585
1327773
1294504
1357128
1323756
1358673
1305731
1315516
1315928
1253613
1223537
1134030
1138356
1036283
1005486
836875
718734
485439
348552
138226
12360
-132252
-210120
-328776
-420034
-574225
-716056
-898572
-984577
-1108383
-1146802
-1245579
-1313971
-1345180
-1444884
-1479286
-1525739
-1539747
-1513997
-1543661
-1469089
-1416868
-1301508
-1200156
-1092315
-961196
-842025
-717910
-551771
-427656
-242462
-97335
60255
212489
349685
503258
621502
792379
931326
1080779
1167917
1256806
1319739
1387719
1413263
1433966
1445708
1457450
1444575
1394311
1350639
1262368
1190886
1063887
963977
828738
729961
639836
578654
494503
423948
331454
242153
138741
66023
-21733
-107223
-202189
-284795
-359676
-447432
-489971
-563307
-590808
-619133
-636437
-634068
-668161
-673620
-686804
-693293
-681860
-685465
-677534
-681036
-650239
-628712
-560835
-531171
-445784
-364723
-293447
-209399
-165418
-105472
-59740
-6798
42436
93112
124012
156972
177366
205897
225467
244213
267079
274392
311884
298288
291799
274907
231235
210532
165212
131634
79310
46556
-20085
-77250
-131840
-181486
-242256
-269860
-291387
-303953
-326407
-356586
-404584
-384293
-403863
-403966
-394902
-372448
-337531
-301481
-269036
-250908
-216094
-154191
-75293
20497
121437
208781
284486
376156
479156
538175
643956
718322
789701
854076
920511
963256
1012387
1043287
1054308
1058737
1059870
1058428
1060797
1050600
1019391
995289
948630
875603
807726
700297
627476
508614
422197
316004
216712
95584
-33372
-165624
-307352
-451346
-570929
-711936
-839656
-975307
-1098083
-1221992
-1339927
-1460231
-1566939
-1663038
-1718246
-1765626
-1806929
-1827941
-1838035
-1831443
-1813727
-1789419
-1741215
-1681372
-1612362
-1515645
-1397813
-1268651
-1133000
-972320
-833785
-671766
-521901
-332587
-152852
57062
243904
452170
636849
835948
1019391
1188826
1359497
1512143
1664377
1796629
1906221
2007779
2059794
2109646
2142400
2162897
2141164
2108616
2033735
1931147
1796835
1659639
1500195
1347549
1203143
1034120
876221
714614
549093
380482
229690
80649
-68701
-209811
-387280
-516854
-640969
-756947
-841510
-988491
-1046274
-1153394
-1207057
-1293680
-1350948
-1395032
-1421503
-1447459
-1455699
-1447562
-1431494
-1429022
-1386380
-1333953
-1261235
-1206130
-1144536
-1070685
-1014138
-931017
-836875
-742424
-641278
-543119
-451552
-358646
-274083
-195391
-87241
-23999
92082
169435
240711
343505
406335
491310
456805
627785
605228
778371
758801
827502
877045
849338
954913
868805
949866
896615
948218
919275
861080
803091
709052
652711
604404
510468
413339
313635
274392
207648
133900
75396
-20703
-63963
-168714
-234634
-326098
-322390
-331969
-359367
-326716
-309000
-300348
-318785
-329703
-260487
-253792
-155324
-111652
7004
48616
123806
142346
205588
196318
276040
283971
376465
416738
469680
534467
535497
608524
576079
583495
519120
496357
451861
424154
376980
322081
259251
157899
59534
-62830
-195494
-336501
-421579
-539102
-612438
-733257
-812258
-907327
-971084
-1056883
-1130734
-1164518
-1221889
-1221786
-1241150
-1220859
-1185633
-1124760
-1117550
-1045347
-1011460
-953265
-885182
-767865
-692572
-564543
-422918
-299318
-153367
-40479
75705
211047
336707
500992
626034
746441
893422
987461
1117138
1209838
1291929
1337249
1380818
1446120
1513791
1555609
1599281
1614937
1611229
1582389
1521207
1430464
1352184
1287706
1207881
1114357
1029794
918039
793718
639527
498932
343093
183649
47895
-77353
-177057
-324553
-454745
-609760
-734081
-866127
-982311
-1100246
-1183779
-1265458
-1347240
-1410585
-1440867
-1493397
-1505551
-1547060
-1532846
-1535730
-1467750
-1461570
-1371651
-1279569
-1195933
-1060488
-979015
-853252
-761685
-619648
-474521
-334338
-177984
-6798
127720
280160
400876
548681
657655
784448
890229
1024232
1113121
1212825
1288530
1348476
1394929
1424181
1438189
1448798
1444678
1423254
1385865
1357643
1283689
1223846
1114048
1008473
874676
749119
592456
469577
316725
189314
34814
-102794
-281808
-406850
-572371
-688246
-832034
-935137
-1057398
-1174612
-1255879
-1356819
-1404302
-1478462
-1496384
-1532949
-1536451
-1530065
-1492779
-1465175
-1369900
-1281526
-1202422
-1095199
-999306
-877045
-711524
-561659
-397168
-228248
-81679
64787
201571
349273
472770
612232
730167
855724
954089
1044832
1137429
1211589
1267312
1300890
1327773
1340545
1339412
1318606
1298418
1243725
1183573
1089122
1013829
910108
816790
704417
608215
495224
407777
303541
172010
99498
-27192
-95172
-207442
-311163
-387177
-481937
-527154
-595443
-627579
-695868
-738201
-778268
-837287
-851398
-870865
-881062
-898675
-872204
-873955
-840480
-828635
-794954
-771985
-718322
-669809
-576903
-562998
-507275
-431467
-352466
-276040
-262135
-197657
-188387
-45011
1339
81473
118965
162431
229175
252247
283456
299112
297052
332793
355041
379967
330012
307764
283765
279645
220317
183546
108974
75190
23278
-5150
-52530
-106502
-152852
-193434
-245861
-281705
-328673
-354938
-355144
-376774
-376671
-358131
-357204
-340312
-312811
-277173
-229999
-165521
-106090
-10918
54384
135754
223922
297773
398301
483791
580302
656213
740570
805254
865509
939772
984886
1021657
1054308
1058531
1072230
1075938
1076453
1059870
1014859
1010533
956664
908975
831004
759419
678152
612747
510571
403348
300039
194567
67877
-33063
-176233
-303335
-443209
-579066
-719043
-874367
-1006722
-1144536
-1268239
-1361557
-1477638
-1541086
-1648824
-1692290
-1752648
-1782930
-1798174
-1815066
-1796938
-1804560
-1741318
-1695792
-1632138
-1534494
-1447150
-1328700
-1206542
-1055853
-893834
-740261
-562998
-386147
-217845
-24308
133076
347831
549299
773736
965831
1156484
1337455
1517499
1665098
1816508
1946597
2049185
2148889
2219856
2271047
2283407
2283716
2220577
2192561
2119740
2023744
1890153
1750691
1594749
1433039
1259999
1096538
932871
758801
589469
417562
242359
79413
-73027
-235767
-373581
-502228
-632214
-769101
-898366
-989109
-1111164
-1191916
-1258557
-1319018
-1386792
-1407598
-1457965
-1488041
-1479389
-1497311
-1434378
-1463218
-1409246
-1366501
-1289251
-1203143
-1146184
-1112297
-1050909
-981384
-860771
-824824
-683817
-609554
-469989
-388001
-300966
-210738
-126072
-27398
50882
145230
204970
293962
372242
463809
537763
616970
652505
718425
745308
790113
832858
882813
891980
904031
908048
874161
845012
811743
781358
742527
695044
643647
581538
506554
426729
346492
264092
184370
103721
8755
-70555
-114021
-182928
-221244
-283456
-289636
-358131
-344329
-397374
-363178
-361530
-310545
-273877
-220832
-166036
-122982
-56032
15450
55002
132664
176130
235458
276864
351951
414987
464736
505524
539205
557230
577006
578757
591632
603168
583289
577830
531892
490383
421682
337634
257088
163873
72203
-50161
-147599
-272023
-376568
-508820
-623665
-728931
-832034
-919687
-1019082
-1109619
-1164415
-1214370
-1242798
-1270093
-1317061
-1292856
-1301714
-1247021
-1222507
-1145360
-1095405
-999409
-931120
-855003
-763642
-637673
-535806
-396344
-267491
-145745
-16789
121025
257603
380379
504288
611408
752415
866848
989933
1073672
1185221
1270093
1349094
1394826
1415941
1463733
1484333
1502049
1484230
1480522
1437468
1404714
1344665
1279981
1175642
1085414
982929
854694
748913
600696
481937
328055
195494
43672
-115154
-252762
-394696
-534055
-672590
-778680
-903413
-1012902
-1113636
-1186663
-1277200
-1367428
-1436747
-1490101
-1527799
-1566939
-1547987
-1547266
-1518014
-1484436
-1412336
-1341987
-1271947
-1171625
-1082530
-950999
-833476
-689173
-539926
-416635
-240299
-106914
54590
163358
315489
445269
575976
719352
838111
965728
1077483
1169050
1239296
1309439
1358879
1384732
1452300
1478256
1496178
1487423
1486187
1449313
1383599
1319842
1221580
1149995
1047613
920820
810919
671148
522107
355659
208472
48410
-77250
-218154
-375332
-510159
-666101
-813906
-969333
-1095302
-1204894
-1304907
-1378861
-1457656
-1480522
-1515954
-1538305
-1544279
-1532331
-1513173
-1484745
-1428610
-1336322
-1246094
-1117447
-1000851
-861904
-719043
-566500
-427038
-249157
-105163
50367
205897
364517
519326
641278
781461
918966
1022069
1125378
1175951
1252995
1289766
1345592
1375359
1400079
1407289
1392972
1344768
1296564
1236927
1165239
1061312
983959
872204
788156
664350
579169
457732
361736
245655
130295
21527
-87035
-172937
-244625
-313841
-387692
-466384
-521901
-591529
-635304
-690409
-709567
-746750
-767041
-786508
-794851
-820910
-816481
-813082
-784963
-761582
-738201
-696280
-656110
-603271
-554964
-484409
-423433
-368122
-309824
-251320
-181589
-125351
-55929
2575
57165
110313
163255
210429
244831
293344
318064
347522
375641
364723
402730
373684
390679
354217
339488
294580
270272
209811
174173
111549
54075
1957
-74675
-111961
-189623
-207545
-258221
-309618
-344432
-367092
-391297
-403657
-420446
-417356
-375229
-355865
-324038
-283456
-252144
-173967
-148629
-48925
-927
97953
174585
279645
378731
464118
565882
650857
724914
794645
831622
904237
963668
1020215
1058634
1055647
1081191
1069552
1072951
1055956
1036180
1017743
948012
926073
861492
808653
740776
655801
552286
444033
363487
225776
112270
-13390
-132870
-271714
-408395
-564749
-700194
-859432
-990860
-1128159
-1234352
-1340339
-1453639
-1544279
-1629563
-1710521
-1752545
-1795393
-1816611
-1833297
-1820731
-1796011
-1760785
-1700633
-1652738
-1559523
-1471973
-1344253
-1233631
-1087680
-936373
-763951
-603889
-432188
-257191
-82709
105781
303747
514073
721824
908151
1103954
1271741
1443339
1583831
1739052
1864918
1992741
2077407
2148271
2200492
2216045
2206981
2173300
2147138
2064017
1985943
1842670
1708976
1559420
1407392
1262162
1097465
936064
751179
595752
420755
255028
73748
-94966
-245552
-384396
-512425
-661260
-765084
-887139
-992302
-1088195
-1189341
-1253716
-1336940
-1370209
-1427889
-1445811
-1478256
-1477432
-1467132
-1450034
-1422945
-1386689
-1359085
-1299448
-1246300
-1167917
-1111267
-1027940
-950999
-852016
-761891
-671560
-576079
-481628
-390988
-287061
-205691
-90331
-2781
84769
167993
244007
314459
388928
461440
539411
614395
687216
729343
803606
840377
866230
897851
928236
929369
940596
918039
919790
885285
853046
795675
742424
656007
601932
528081
448565
366062
285928
188490
107223
18025
-51809
-109489
-189623
-237518
-282220
-326510
-355453
-365753
-363281
-351436
-332484
-308073
-262341
-222171
-180250
-132458
-76220
-13390
38316
98468
160474
225364
294477
349273
414163
465354
508408
536733
577830
603992
627167
630978
608730
606361
565882
542913
488323
430334
360294
253895
162225
67877
-41509
-123085
-274083
-359779
-495636
-599872
-719455
-828532
-915773
-1023614
-1084693
-1154630
-1195006
-1230541
-1272565
-1264428
-1278642
-1248463
-1258969
-1202422
-1162355
-1114769
-1040094
-962123
-847999
-747162
-629948
-505627
-384396
-266770
-140389
-8137
127823
255749
401288
527772
659715
774148
889611
1001778
1108177
1191092
1284101
1354347
1436129
1472694
1528932
1552622
1554270
1553034
1536039
1490513
1459819
1378037
1329524
1224052
1140313
1021451
901250
780225
649518
530347
399537
249054
107532
-36256
-183546
-336398
-475036
-605949
-735214
-867157
-973762
-1086547
-1184912
-1276067
-1372269
-1435717
-1476402
-1513688
-1529550
-1532846
-1512761
-1491955
-1463321
-1405023
-1332614
-1264634
-1180792
-1051733
-955016
-829871
-698958
-567015
-435690
-290048
-163461
-17201
125557
290151
405820
562174
676607
810610
917627
1028764
1123009
1197684
1275552
1336837
1376595
1433760
1446944
1482376
1462085
1465175
1425005
1357849
1290384
1206336
1114769
1025365
899190
785375
653020
520047
369667
224746
69628
-80958
-239990
-380688
-541059
-663732
-812876
-940493
-1066050
-1172964
-1263913
-1345077
-1419752
-1464454
-1497414
-1521825
-1522443
-1518529
-1488659
-1449725
-1391942
-1308924
-1219211
-1113945
-1016816
-870041
-718528
-579375
-417562
-271302
-108665
39655
206721
356483
513764
625210
766629
878384
1000645
1068728
1164724
1230335
1290590
1320872
1364235
1364853
1359909
1335292
1309748
1267827
1227451
1131558
1054720
972423
868908
757359
675268
549917
461852
339900
238548
140183
39861
-70143
-148423
-236385
-338252
-389752
-469474
-522725
-576594
-619442
-677019
-731506
-773427
-795984
-807417
-815451
-827296
-818335
-814730
-795057
-763642
-728519
-713172
-673311
-613262
-576800
-510365
-458556
-392018
-326407
-259869
-201571
-135342
-54178
-412
57474
104854
160268
204764
245655
277173
318167
335986
348552
374199
391503
374611
367504
343608
329497
293241
258427
215064
172216
131428
73748
16892
-31312
-97644
-155942
-204764
-258530
-286958
-330733
-363487
-381924
-401494
-409528
-405099
-397271
-371212
-337634
-286031
-239681
-189623
-118038
-53148
31312
88580
191992
272229
377083
459483
532922
616970
693499
773736
837287
896718
956973
1010430
1045141
1069243
1069140
1064299
1061312
1044214
1039167
1003014
950999
909078
835124
768380
674135
616970
510571
425596
346698
207854
97953
-27295
-162225
-289327
-428892
-547136
-697619
-824206
-984989
-1109310
-1237751
-1350227
-1443236
-1552416
-1607830
-1698676
-1723808
-1785608
-1800646
-1831340
-1830722
-1809298
-1791479
-1740597
-1662523
-1592895
-1481655
-1381642
-1256806
-1116829
-957385
-794542
-624283
-439604
-259972
-73336
123188
305292
506142
691233
877045
1055750
1247330
1422121
1596397
1736683
1881913
1991711
2078849
2152082
2196784
2213367
2219856
2185454
2166399
2056395
1990578
1833400
1752030
1575179
1420164
1250626
1087062
924631
754372
602241
442488
261002
114124
-60049
-214240
-368740
-496666
-632523
-732536
-863758
-975513
-1073569
-1163076
-1223949
-1290487
-1340648
-1388440
-1420370
-1444987
-1458789
-1465999
-1438086
-1444884
-1391118
-1370209
-1298109
-1239193
-1167196
-1103233
-1032575
-964286
-866951
-786714
-672899
-578242
-483379
-399949
-298494
-209914
-114948
-43466
50676
131634
216094
285928
383572
441149
524579
581126
647767
710803
754166
795881
841716
869835
898984
903001
900014
901353
883122
855827
815039
773633
720382
646119
577830
498829
423227
341960
252968
183958
90331
21321
-58607
-110107
