814539
-1499300
-1488853
-1510231
-1339671
-1287099
-1103478
-808160
-621037
-576489
-395699
-221378
9009
222615
439348
690943
774898
910348
1103796
1306286
1353518
1409577
1382165
1493828
1476542
1572082
1425058
1382100
1359507
1205909
1031042
864308
723834
546274
407303
91614
-5990
-253085
-290614
-601330
-782737
-977882
-1074058
-1267175
-1387980
-1567123
-1517060
-1523674
-1594256
-1517438
-1442604
-1375196
-1395460
-1290138
-1164549
-912502
-805119
-484757
-296442
-141045
157756
202393
403376
553863
724099
1007979
1234264
1135057
1427054
1474080
1426972
1540022
1594242
1511495
1600167
1418419
1353198
1322457
1181032
1005087
821733
609048
456118
166822
9970
-95783
-358108
-630016
-862075
-995490
-1191952
-1420967
-1435793
-1382954
-1472193
-1630669
-1637566
-1633166
-1580327
-1430750
-1277559
-1217403
-1118479
-958614
-708465
-496275
-447086
-276776
-59782
174706
352100
612849
735038
992565
1160460
1124558
1256317
1385531
1527986
1504311
1511912
1530047
1528524
1422834
1343668
1260408
1140246
1031235
908989
716142
389511
168015
44955
-127067
-382043
-591285
-685988
-893689
-1015524
-1163712
-1412706
-1595725
-1620162
-1632949
-1523709
-1534787
-1637320
-1500312
-1301625
-1326314
-1160520
-962546
-793189
-497228
-383399
-162464
96307
281032
344549
678899
810440
901405
1052783
1318231
1280310
1496786
1460851
1501057
1415617
1486077
1428687
1514401
1426224
1392466
1156368
1010219
784991
582207
359304
135092
68268
-155468
-459921
-634537
-825572
-1044431
-1145088
-1234004
-1454829
-1557932
-1541237
-1508761
-1546209
-1492388
-1501598
-1433759
-1359272
-1208426
-1068958
-819196
-744288
-519333
-464605
-200293
106892
290999
372139
635990
878440
892277
1100952
1281785
1413989
1430104
1635362
1630514
1663403
1454736
1514014
1578990
1457413
1331187
1115768
950104
713580
637589
411207
251981
-146242
-408648
-478158
-696204
-789159
-916414
-1039262
-1391072
-1479734
-1584865
-1605816
-1619068
-1626038
-1511703
-1464735
-1324300
-1342130
-1333031
-1041116
-958805
-898752
-614258
-323391
-183487
122599
279944
416302
577035
778484
998853
1120756
1339819
1344591
1569163
1522299
1639538
1607721
1677917
1480160
1417844
1353487
1135617
1119335
1044350
917894
708950
509608
26506
-35594
-372981
-404736
-591014
-789686
-1036822
-1085055
-1316507
-1346378
-1513246
-1474149
-1497313
-1525386
-1608416
-1582068
-1440210
-1406595
-1289735
-1096841
-852124
-675675
-492297
-430485
-201800
-34120
161189
507593
641699
753669
1033201
1043370
1296923
1387957
1413563
1471711
1600459
1561944
1549121
1600212
1421936
1375643
1252371
1131034
909856
870961
585511
444239
157449
21518
-319669
-465846
-702989
-810287
-1060796
-1211091
-1339247
-1365876
-1525549
-1527371
-1568968
-1698057
-1667129
-1507622
-1286550
-1264553
-1200750
-1149292
-900367
-816833
-557070
-411690
-89183
6364
286635
490768
662724
784891
985035
1010867
1294871
1505449
1504066
1576026
1628506
1599947
1635423
1585624
1477302
1393434
1280552
1137907
1017768
781676
624509
321841
124105
-25286
-258363
-581835
-625116
-832976
-975162
-1187491
-1237666
-1423419
-1563829
-1529846
-1554468
-1554190
-1509968
-1485872
-1451434
-1365177
-1289291
-1188893
-990604
-789635
-410155
-362017
-238028
46865
308787
419381
668874
850808
989416
1148152
1281124
1426431
1383281
1437208
1533081
1586006
1590684
1586434
1472624
1487780
1219175
1018890
980621
885374
598778
382560
97618
-11682
-216561
-477966
-703540
-858870
-915749
-1123837
-1433716
-1352477
-1459200
-1484782
-1436817
-1537025
-1658030
-1490035
-1413125
-1295161
-1072019
-999536
-883246
-836634
-653996
-208996
-71938
22246
284076
452569
485026
854407
994246
1218117
1169384
1242689
1422770
1472524
1484184
1599139
1605544
1492996
1427030
1207743
1193148
1096682
1012092
802089
663231
410646
181068
-130794
-255562
-482483
-738000
-835710
-963992
-1170258
-1270580
-1377384
-1465240
-1532837
-1677026
-1651942
-1512876
-1437875
-1418564
-1253375
-1193294
-949716
-852512
-721848
-554232
-311372
-140838
211971
241273
368516
626319
832714
959837
1199512
1195541
1379819
1505283
1431179
1545580
1569215
1519528
1593006
1385564
1379115
1285530
1013309
900234
791868
662083
435586
249117
-71609
-274577
-578631
-746216
-728093
-1084852
-1278568
-1201788
-1340841
-1484669
-1510728
-1653296
-1674150
-1507850
-1516569
-1356880
-1333691
-1264936
-1087317
-906601
-775834
-468403
-359522
-206038
50531
268109
524436
644348
744165
974379
1026876
1103214
1384880
1446094
1537958
1591386
1550968
1551939
1568621
1464198
1543875
1292374
1095697
965307
750109
612577
467439
230526
19905
-181385
-442499
-707213
-979975
-936855
-1046548
-1317949
-1481316
-1437223
-1501711
-1595296
-1584629
-1609484
-1507063
-1333263
-1237517
-1220262
-1075217
-956893
-692641
-521204
-441828
-113798
10599
101838
330538
670809
754951
940979
1143464
1224045
1358383
1317546
1517169
1533111
1533180
1459441
1584423
1446798
1425205
1229175
1107721
983602
764018
583420
394685
131541
95621
-205287
-452078
-701247
-909401
-997218
-1105288
-1185881
-1427257
-1576386
-1538722
-1424662
-1584752
-1497263
-1467496
-1521517
-1381035
-1146666
-1015406
-928818
-776257
-640818
-336836
-133387
7390
192237
401965
587252
784228
955877
1017784
1199732
1418833
1434636
1572717
1548789
1478712
1552739
1504774
1427366
1410480
1391452
1039570
1067907
794480
575807
342913
231519
-81013
-282035
-519729
-591089
-730913
-1016824
-1132452
-1296282
-1293931
-1408781
-1601009
-1599414
-1520659
-1439409
-1463185
-1487543
-1319121
-1309408
-1101712
-876226
-741239
-812108
-397761
-188848
-56129
200957
378613
621671
759339
989598
1051781
1201397
1289058
1494629
1525846
1546908
1525247
1502989
1463678
1508419
1432867
1290620
1026958
881497
774949
586831
450463
360760
1972
-145684
-366627
-712742
-829271
-930097
-1139984
-1201173
-1277298
-1495398
-1513800
-1527543
-1583996
-1495915
-1480908
-1479376
-1317539
-1195338
-1087712
-982563
-668451
-493570
-420685
-323458
48445
238295
466330
610953
801071
867485
1048155
1272163
1406560
1426140
1509198
1564798
1543007
1567530
1573435
1401731
1325360
1266326
1029075
962518
738224
593278
289446
23826
-72049
-33856
-453196
-706076
-843982
-1067871
-1244413
-1444229
-1379252
-1435172
-1516277
-1418220
-1501511
-1629367
-1637160
-1371073
-1254161
-1205888
-1001221
-803059
-711897
-511450
-268851
-92218
132345
194641
401121
595632
839183
941577
1130710
1199108
1390177
1467352
1563317
1581302
1657125
1509786
1464738
1415671
1347234
1218358
1065929
1010871
823388
576815
330497
138656
-58465
-163169
-473229
-580780
-869605
-907307
-1158100
-1269174
-1446892
-1397275
-1578272
-1485112
-1565410
-1544043
-1434687
-1398864
-1276981
-1216673
-1168412
-1039710
-745343
-647412
-332813
-138588
39765
251072
522969
666177
794032
963711
1026138
1147420
1360648
1427978
1524700
1576458
1606969
1606909
1497713
1423666
1317524
1297491
1007733
1056122
832785
621915
463023
247967
-101384
-319995
-445580
-610918
-777683
-934028
-1147482
-1365270
-1413023
-1361947
-1427885
-1492582
-1540592
-1497516
-1542613
-1532233
-1343198
-1198282
-1108920
-939040
-825621
-640625
-343162
-180257
-118459
197308
391588
603180
784874
943171
1094999
1220970
1302349
1387878
1546276
1551487
1560314
1678556
1628959
1416448
1387907
1266761
1142463
962803
764486
618408
496357
159632
-67147
-207955
-459722
-633353
-759204
-1002095
-1013197
-1285985
-1311380
-1422204
-1550783
-1639689
-1519737
-1532936
-1549604
-1487655
-1349722
-1211549
-1181321
-1001193
-817207
-585347
-436275
-254902
24929
153310
367155
705367
743416
966910
1226520
1251786
1355609
1520660
1471066
1601814
1689747
1495924
1551214
1437800
1361473
1253059
1052322
1024121
826284
555719
430556
276023
-104915
-229654
-424858
-562070
-828809
-1107060
-1071373
-1293122
-1413308
-1409480
-1606756
-1669376
-1532460
-1603609
-1497157
-1403814
-1352579
-1294686
-1102248
-1009985
-676558
-490387
-362447
-225611
57561
183938
460459
638243
641069
925951
1179670
1325470
1250412
1482907
1482462
1606689
1532277
1480794
1452685
1530796
1461441
1317982
1126318
809012
675393
566319
548306
260111
-5857
-213296
-398270
-654430
-715158
-996646
-1124469
-1212571
-1330295
-1507205
-1468541
-1530194
-1601567
-1586387
-1461810
-1396871
-1276517
-1249409
-1079120
-786381
-713645
-472390
-339956
-305018
-132253
301523
412894
575732
751990
1047642
1158322
1276116
1366705
1289066
1455172
1498043
1464972
1544425
1475509
1427232
1394914
1288864
1095747
1022669
689184
543020
412497
238727
-41398
-235161
-499988
-795135
-885286
-1008394
-1124975
-1300558
-1405847
-1502899
-1605020
-1608536
-1558883
-1509517
-1541405
-1391649
-1256039
-1275133
-1160146
-925828
-687131
-464207
-289110
-13763
80119
249733
474926
765612
814663
946387
1082112
1252956
1453739
1438513
1510626
1608225
1626957
1538918
1465730
1389135
1321654
1271308
1097521
955403
652335
564327
349394
156599
-56348
-259645
-521077
-708910
-832159
-984105
-1154921
-1257284
-1411019
-1535174
-1581107
-1522130
-1518296
-1546943
-1518634
-1416129
-1282124
-1290119
-1061066
-893992
-784411
-531459
-225506
-147511
-22997
191550
465751
533622
766341
1002999
1107933
1215397
1305305
1467266
1482727
1595874
1525039
1564029
1365910
1342231
1261299
1200065
1123886
1058613
794956
650315
430652
47471
-100655
-155443
-359536
-584996
-887668
-974816
-1114545
-1351609
-1356908
-1393254
-1496444
-1472749
-1418306
-1447244
-1444236
-1475435
-1284527
-1138490
-1069783
-974077
-724078
-662470
-348061
-97362
-15998
254092
369093
678960
775037
918174
988670
1240109
1170574
1494335
1472057
1488957
1616679
1542378
1441477
1435373
1226950
1143160
1047397
894821
861760
630807
333169
169289
52692
-217434
-249088
-618201
-853270
-1072790
-1070443
-1296824
-1418458
-1458333
-1442915
-1499082
-1562467
-1484389
-1588831
-1441877
-1275381
-1108418
-1008234
-925823
-787558
-634814
-417433
-166054
71879
154206
430163
707398
914992
901776
1032634
1121212
1303667
1545188
1571288
1602472
1482812
1405767
1390827
1452514
1456632
1278399
1188522
932785
821488
581979
367780
189079
-50456
-214642
-347399
-555157
-821105
-965765
-1138743
-1329508
-1453930
-1516712
-1513679
-1493654
-1370936
-1558673
-1537754
-1449103
-1281158
-1265041
-1054287
-855558
-782902
-529790
-465853
-202860
35844
147880
385358
590023
801335
870037
1087595
1188878
1338797
1343417
1520493
1633140
1549748
1436775
1518088
1476950
1365218
1257299
1097450
938396
839201
702091
546157
226395
-62465
-273337
-339896
-560759
-871234
-963616
-1151426
-1251638
-1383101
-1446244
-1606155
-1588919
-1605157
-1596889
-1408246
-1372754
-1285267
-1179022
-1019646
-908506
-768859
-553901
-305649
-197604
28140
322673
432913
628349
803760
895142
1086496
1239932
1320620
1433235
1579220
1531723
1514264
1542464
1466667
1335632
1321317
1240516
1009308
934985
704895
599817
403920
151326
-119836
-336037
-430028
-648896
-777065
-1053834
-1121321
-1190464
-1386759
-1530142
-1503163
-1560555
-1618077
-1492615
-1414361
-1290124
-1200503
-1115452
-974852
-988541
-738340
-495586
-291710
-193178
158165
325506
447802
449868
771677
933535
1033637
1243102
1352223
1436970
1452578
1610433
1580804
1465571
1437336
1496697
1397802
1294615
1066265
885999
682219
576920
392985
52289
-49901
-217727
-452884
-702181
-856679
-988303
-1120878
-1319317
-1398444
-1352850
-1490612
-1672646
-1535050
-1561111
-1562376
-1436257
-1267850
-1190687
-1022582
-909649
-820706
-549550
-352467
-281472
-156413
274582
485100
682985
884158
994522
1102224
1223282
1391692
1421946
1523741
1512371
1663546
1506863
1497135
1460208
1392126
1050124
1089628
907159
818384
651764
596013
312236
25702
-246509
-401927
-569470
-712633
-930722
-1124936
-1203471
-1314628
-1326019
-1499409
-1476434
-1499014
-1593999
-1599660
-1350169
-1349172
-1238808
-1104880
-913609
-859090
-619161
-353077
-161394
-119983
58856
236105
513668
756533
871113
1124759
1172269
1274070
1351107
1479534
1459361
1485759
1501513
1458202
1428472
1306098
1182778
1159498
987788
801020
653258
394322
152786
-47457
-192979
-384979
-503596
-746775
-829804
-1056438
-1162165
-1243911
-1373119
-1504976
-1470896
-1401349
-1483121
-1429572
-1451238
-1328445
-1191171
-1071281
-871070
-814772
-599545
-379399
-139169
-93880
195475
411748
699625
809236
919121
965961
1026611
1296534
1452535
1472878
1509698
1497354
1464731
1354464
1470947
1375663
1187791
950526
915106
755235
633438
453361
260570
-45358
-271192
-446623
-593641
-764632
-1016403
-1155775
-1442506
-1574258
-1591178
-1649703
-1635198
-1524470
-1767148
-1752860
-1682886
-1528681
-1155846
-920361
-723257
-508857
-305842
-207125
7996
134443
266795
517370
610891
884184
907388
1031526
1228464
1437362
1485962
1514269
1374292
1651388
1605563
1608839
1471490
1426655
1320920
1258279
1052214
997437
674419
233281
139212
-144253
-307819
-427253
-675545
-1033183
-955289
-1138252
-1203793
-1326790
-1363932
-1466502
-1411426
-1429318
-1375880
-1503040
-1418536
-1235667
-1011500
-967801
-830947
-631925
-520536
-324672
-131257
173359
127610
387827
652683
709996
868965
1075155
1257007
1340950
1412946
1528358
1551795
1481846
1567689
1451793
1357344
1288131
1121821
1036804
1098894
989912
772335
388248
49657
-106877
-260120
-510656
-662306
-854425
-1061041
-1148479
-1238635
-1237028
-1358861
-1506479
-1632559
-1581880
-1458110
-1282092
-1244080
-1218112
-1062587
-990730
-851609
-671481
-472759
-303701
-205784
-34519
121109
437031
462201
669657
962631
1164794
1121115
1344379
1465190
1549356
1505782
1627719
1519784
1568166
1496111
1368200
1140713
1009094
845811
705419
467069
177996
236599
-54014
-231000
-517012
-732836
-995347
-985025
-1196113
-1290279
-1310282
-1344026
-1521694
-1487476
-1585190
-1491917
-1568414
-1590943
-1397445
-1389930
-1213737
-1015452
-775952
-624426
-382157
-315583
36600
309979
363558
583905
853666
922690
970033
1235435
1347612
1535183
1524996
1538394
1517502
1492461
1478318
1478210
1343901
1210401
1101438
1007887
901164
680278
499171
273670
54101
-139018
-319457
-603290
-740280
-851574
-1017878
-1168586
-1328067
-1471153
-1372269
-1415822
-1455225
-1380519
-1331903
-1319012
-1268875
-1222728
-980187
-762795
-667670
-690941
-412032
-181006
41344
206795
545650
655583
706951
823409
1052284
1127676
1246306
1494026
1468780
1434776
1449001
1492824
1599538
1382095
1256238
1147789
1018872
788348
716868
449764
270109
157468
-54871
-316832
-510801
-744971
-831168
-993955
-1094689
-1306860
-1368148
-1502773
-1455158
-1598948
-1491841
-1557347
-1497253
-1486246
-1429088
-1187666
-1017385
-887445
-656288
-577440
-287938
-24807
-39419
159177
501646
650561
869753
1065991
1138221
1250858
1350865
1401148
1462289
1513159
1560246
1562143
1600441
1389349
1320300
1207347
1085111
905923
748964
593553
421368
107589
-107072
-247867
-452093
-583126
-807535
-1052676
-1201300
-1226009
-1330507
-1485425
-1574187
-1606723
-1571103
-1524279
-1509765
-1404709
-1219769
-1094652
-1048215
-1033047
-820313
-604405
-405811
-216593
-37847
195694
373278
580816
918857
1005241
1078967
1196755
1335937
1541006
1569418
1603954
1553718
1599520
1440573
1505965
1308757
1278086
1113234
993546
739608
486350
239019
90238
-88909
-169907
-316438
-624591
-852051
-971259
-1123412
-1266907
-1306017
-1401089
-1571990
-1506502
-1529094
-1413708
-1494031
-1537209
-1290765
-1265599
-1029413
-861063
-818646
-612826
-315423
-189377
13094
124637
372662
705208
834082
901316
1168486
1181735
1331839
1388469
1404115
1459120
1549054
1361960
1407194
1476006
1398402
1227567
988266
925977
776384
640793
442715
265805
3476
-198332
-429788
-608327
-836125
-1064975
-1152701
-1196224
-1229350
-1350520
-1537043
-1629464
-1532417
-1474390
-1439954
-1443602
-1424186
-1253436
-1062955
-961233
-661388
-417939
-320216
-215401
-846
100106
358814
599098
727825
1004944
1136933
1236946
1390115
1297697
1429075
1501021
1588109
1458715
1531345
1337766
1283443
1165510
1166840
978866
783842
653818
467107
193130
117042
-110332
-415935
-598612
-786539
-999123
-1140833
-1193326
-1269300
-1340329
-1464373
-1480851
-1678190
-1546321
-1536908
-1454697
-1311151
-1216839
-1118298
-1027226
-813932
-692585
-362860
-212448
-103246
248662
453032
502593
782299
844780
988037
1184492
1450228
1419611
1531069
1333082
1515808
1654566
1490580
1396871
1355364
1196255
1070700
982690
774938
758251
453911
153447
-53860
-160565
-392817
-599993
-738368
-960678
-1029617
-1316283
-1385122
-1375457
-1333449
-1539647
-1507043
-1399835
-1441384
-1491848
-1263138
-1306263
-1083808
-915244
-637356
-550174
-356299
-223671
226044
159040
349797
610106
774248
916713
1203985
1241158
1319151
1541782
1450009
1353760
1484923
1596870
1544771
1453438
1358981
1129023
1081397
906009
