868168
-877564
-860113
-901496
-906906
-839395
-906829
-901030
-864488
-767167
-741489
-549614
-353059
-265800
-335256
-200311
-16246
87420
180473
390539
462515
491795
604335
727317
781548
805205
797258
875321
896398
889233
912876
815517
767969
785619
656060
505195
469630
350932
306378
96188
17744
-113226
-169436
-275119
-471286
-553452
-613561
-729686
-821669
-902840
-946354
-858399
-923486
-922317
-853612
-771428
-843806
-803463
-707101
-552702
-471459
-373393
-159684
-149840
41690
148621
175011
300181
358641
528981
756532
697920
744171
897560
857178
838898
928003
946050
925374
893901
828816
764483
725966
659605
516077
388814
285230
134907
31427
-21041
-125094
-315423
-487825
-565245
-671256
-850846
-904438
-853184
-831496
-901994
-960076
-956631
-946898
-898342
-806545
-692414
-679626
-589415
-459207
-324607
-281319
-252709
-84142
60772
154213
291218
433671
500874
680500
702153
689988
774215
891417
911748
882013
892129
898780
908910
806103
755381
706745
625619
587358
481086
333396
155635
51440
-14454
-160957
-319713
-369522
-442565
-571799
-676745
-780734
-924679
-1001902
-966676
-940926
-881747
-997727
-986805
-834445
-779239
-766760
-573970
-512924
-357190
-250170
-143611
28270
138475
174242
308413
465711
512558
577855
754201
774645
836798
903704
858218
822817
878412
868321
859519
900790
841184
784146
623498
527814
383317
266790
91478
64123
-9069
-212076
-342386
-452632
-576609
-665675
-736209
-836903
-923145
-931153
-885711
-901115
-869709
-860067
-864226
-847536
-739217
-655206
-558262
-429586
-326574
-280382
-209860
18078
140564
211571
301657
494988
534319
596918
757365
820481
831837
923055
1010614
985939
914107
834259
970149
901455
838153
724274
616826
463551
356766
317307
183172
60581
-236946
-287805
-358154
-483702
-542043
-569321
-758315
-953639
-930370
-988137
-978320
-970745
-903898
-857108
-826547
-786350
-824246
-698874
-537708
-528747
-437010
-243061
-120927
29888
153180
218505
292911
421091
624895
650387
772636
834773
867911
927526
949980
963368
980331
964515
813837
850298
715458
679083
647952
599369
470839
407870
67252
-40220
-156951
-294580
-294048
-404924
-524371
-676739
-743104
-830317
-879144
-960365
-861167
-888126
-926850
-984369
-881088
-826061
-835408
-681002
-543919
-440700
-296927
-230602
-140454
-33149
48527
220001
387478
393991
599527
633294
683272
837021
839863
825976
911803
1011564
857960
981656
907024
820977
737293
712259
560164
520280
422352
302588
141559
14622
-112316
-247830
-384808
-469097
-528327
-758847
-781346
-836195
-888053
-908336
-880721
-984214
-1029846
-972808
-770609
-691531
-690783
-726946
-568106
-484596
-387857
-258594
-137586
-11841
100808
247324
380982
469735
560158
612801
690527
872386
942640
913725
940157
960706
950197
974137
907466
856379
780235
730796
616450
508919
395321
258057
88241
-1858
-87569
-307447
-377201
-396971
-526771
-672282
-724984
-771920
-921817
-930217
-875895
-957460
-918416
-847367
-865752
-852534
-749782
-762115
-655518
-563182
-326377
-164521
-203821
-18108
143918
225997
337409
454368
575144
653218
765538
849221
824029
822953
871708
929506
938488
957126
884081
884573
827401
621788
573880
587530
463442
273250
106088
36315
-70785
-236841
-339868
-482674
-538431
-578989
-795799
-858686
-828445
-882008
-812244
-867025
-942527
-937748
-817785
-798005
-704700
-587966
-549950
-492971
-469903
-203141
-10709
-13291
69718
244062
249128
382169
560931
694198
720754
694946
811373
847722
878122
896335
958834
920068
866068
737410
672984
648126
652919
555055
399676
341107
111881
-10541
-89643
-246408
-418034
-453127
-519456
-678704
-730910
-760628
-856983
-900959
-978609
-995417
-949320
-836748
-807022
-787323
-708283
-597893
-512420
-437653
-380232
-233513
-127805
83411
206337
161224
285188
469185
535768
639486
718280
774169
914442
846138
880643
964760
932922
919144
882232
782580
792076
672004
568354
465988
419811
294592
152076
62218
-157854
-289203
-413864
-438301
-505359
-775098
-744083
-681120
-842853
-938574
-923292
-1047123
-951347
-826319
-868882
-782648
-751704
-709549
-585054
-520543
-375543
-167537
-163245
-33337
126651
274780
369458
445781
511599
621984
625468
695392
863147
924506
915857
910713
944346
909807
868320
913358
891926
698977
590868
471044
410442
304544
192491
77859
-94150
-180955
-333157
-572236
-569502
-552745
-712517
-878038
-872875
-856608
-937840
-970173
-959543
-952890
-810285
-710290
-724748
-669427
-582121
-503322
-330773
-296684
-204976
29257
8053
87748
327617
474481
478152
625733
688401
782221
772581
799375
939541
944347
846959
881840
940476
859521
784472
674609
642446
519912
374496
275739
154921
54510
-23401
-223686
-396690
-513802
-537203
-650538
-673354
-767664
-933610
-949240
-852428
-891844
-938559
-864189
-899811
-887046
-716609
-613490
-560543
-495786
-423078
-292562
-111558
-5353
57928
196985
291433
396957
529101
611716
632521
787508
870628
900042
924932
847075
952483
942375
867004
824666
896190
693480
591875
594451
389163
237731
144958
74740
-152477
-277178
-329328
-392224
-566512
-660051
-729394
-811049
-795118
-913957
-994046
-948788
-867297
-837567
-920752
-818432
-763876
-721831
-549207
-464716
-509131
-395125
-99108
-90688
33363
193215
358199
431739
525455
631278
667633
748088
848845
920069
910989
885077
896609
827164
917847
879023
826867
704870
547488
479374
385995
314596
272254
84796
-71590
-141317
-353812
-522529
-533241
-600944
-745719
-713036
-816228
-948153
-909605
-903366
-939744
-878893
-865450
-825896
-738771
-605393
-625791
-515075
-314364
-240365
-237312
-107483
149258
257680
327328
439840
521019
503411
697638
848920
841537
879186
943879
907371
928101
929891
915226
790410
758625
632789
578120
513273
383394
247068
45501
-65272
-25832
-155069
-402042
-460497
-613425
-680254
-829931
-860830
-813684
-880729
-852006
-849014
-942438
-1024723
-904486
-689351
-752923
-657247
-478519
-380997
-366678
-200753
-74673
63560
137673
173400
330491
475178
508624
643138
721804
765044
850310
873310
969908
953357
937097
879038
858739
736978
747072
670765
584275
556756
430056
219659
114729
-13365
-46060
-272942
-332293
-450364
-534781
-631884
-750111
-819179
-855207
-860607
-873374
-894571
-956374
-864137
-819872
-761964
-751935
-693227
-683718
-513123
-400540
-278211
-94049
-30454
118366
266312
377279
456209
571457
611188
618113
769717
872951
848773
911253
921590
960550
895224
874747
778016
766633
661564
597659
581794
396443
329690
256186
8579
-167910
-261242
-295002
-400750
-484037
-615738
-791463
-875062
-819603
-801103
-907973
-905550
-906984
-898049
-936131
-842889
-722794
-686618
-578638
-512935
-492465
-262349
-100805
-106184
24093
210962
306104
439506
512909
617862
680683
767512
789178
855586
942201
935518
979668
973524
884965
803233
803047
700501
614208
471669
382147
385293
212333
-6396
-69500
-209435
-374202
-415132
-552377
-589158
-689838
-792538
-784929
-903961
-983363
-947171
-864855
-958037
-956328
-825532
-737815
-709301
-640390
-523288
-397432
-275248
-227390
-51402
90164
134425
389025
464609
467632
716855
754872
766148
880950
898283
883629
1058305
945784
855452
929924
808042
798440
643910
596592
605863
379485
272710
229077
29969
-152354
-169792
-298003
-445311
-637232
-647355
-724979
-848443
-825819
-890375
-1016034
-955686
-913513
-943482
-899086
-815889
-795677
-729188
-600547
-497066
-331725
-207380
-173059
-67374
144930
215209
367910
378705
457747
652931
793868
722299
822730
908062
948895
973691
881516
846265
905802
907603
798340
724403
528618
423610
354382
355787
247239
31217
-88963
-149496
-356086
-442474
-466604
-646667
-737876
-717282
-845523
-915891
-841628
-933973
-972131
-915356
-842988
-776069
-748023
-717995
-511380
-418325
-345018
-221200
-170637
-170448
57533
268110
277789
383587
603836
710034
721596
799996
760234
801549
940691
848128
878089
888550
847081
839690
773203
679253
613610
490207
334651
281530
177840
57130
-115861
-226775
-454195
-511652
-560573
-640937
-724298
-810946
-856831
-933886
-977404
-945341
-872490
-907535
-870896
-767398
-752600
-732380
-568883
-464862
-280941
-220274
-88056
70307
115979
231580
416240
533957
534164
622363
705351
834905
864931
847825
966274
955708
924879
845206
840975
760984
726851
688835
601927
428053
325505
297217
125893
-18315
-110536
-239171
-425086
-459962
-500434
-658717
-740940
-801466
-903800
-982825
-920457
-866153
-902647
-904369
-853779
-768666
-778989
-711966
-531887
-503006
-408688
-175134
-61681
-76961
46320
252762
311099
349757
554619
616735
726804
729931
830986
862556
896155
911302
918934
853782
772542
768408
719850
687154
656062
549518
434267
342582
109164
-73049
-71544
-138888
-289063
-437611
-587246
-615270
-759691
-796278
-778557
-876950
-858523
-809618
-842775
-862368
-895055
-832010
-707468
-604702
-598636
-471555
-374841
-341364
-77394
-51576
81798
167300
335863
459022
516422
539135
673509
723267
753547
875071
864188
919299
911954
856907
847122
791323
663186
625097
566509
553832
440740
293422
113915
47213
-44105
-111908
-242510
-457584
-601280
-650999
-687336
-870052
-870889
-850807
-891543
-905394
-902196
-932542
-899708
-797134
-656085
-589693
-565301
-496280
-404891
-332442
-125281
166
59542
183639
366465
506572
564774
563953
642988
690198
890353
954437
932328
913398
840023
831944
806555
928504
817479
732003
624434
511413
427255
241379
169477
31481
-114571
-185093
-285143
-448308
-541165
-597891
-767922
-861556
-871307
-896193
-885723
-802471
-841429
-959534
-931721
-771743
-741321
-740383
-536716
-466787
-376274
-250660
-181453
-18207
66123
154723
288416
416973
521674
578770
680924
778097
787778
842049
988387
975546
845763
876420
907017
839650
756203
713687
599080
490839
496819
389918
264462
22190
-143573
-191859
-270988
-463130
-563090
-631261
-752712
-794004
-867171
-901497
-959827
-948286
-953634
-850094
-802214
-778156
-726621
-665644
-556667
-520751
-378128
-216009
-101399
-47587
143363
266738
276553
470263
554294
577298
726924
779027
816500
913128
965161
863475
878529
900798
812976
761157
770408
607210
561632
474051
378953
329931
108891
-13835
-171705
-275652
-338538
-418273
-573766
-692912
-634659
-769902
-902264
-916105
-913482
-949674
-952950
-843698
-799987
-683521
-667654
-580564
-572957
-540527
-302493
-168648
-132556
44
176772
250479
273192
348991
543860
576178
672187
776921
874427
830704
920794
987026
869977
813695
893468
873471
775732
711549
586439
440127
375625
275531
58490
-44021
-112904
-192098
-361107
-465607
-516038
-652071
-724215
-871143
-850156
-776029
-974070
-972943
-883696
-932780
-930290
-803769
-703407
-674761
-562935
-515970
-419643
-238312
-176898
-152261
44678
290736
372397
524895
590575
598615
688822
799458
820648
874436
897473
988860
901619
878181
894554
853933
670204
587451
637331
508653
445191
404793
318535
67232
-60600
-237673
-311316
-374918
-464680
-639719
-709001
-747946
-781311
-846360
-864328
-827919
-948602
-993566
-830189
-769239
-776473
-685211
-557359
-555907
-448927
-243672
-169930
-83990
-47987
75099
183329
398155
511474
593732
650371
721188
765812
804134
890148
875696
868685
854883
848378
814763
699543
720762
666954
472000
472719
336229
144420
12874
-61087
-160144
-258244
-372677
-416727
-575076
-700014
-717209
-776361
-871610
-916184
-843696
-821169
-861685
-822636
-846815
-729168
-665063
-563966
-507049
-409099
-288953
-146358
-67404
-8308
205062
352996
459993
504289
566948
561942
706906
815443
826144
856091
832867
845165
761630
795505
852472
732231
561870
521641
480962
342775
262093
155421
-12710
-158932
-271545
-363424
-411059
-594225
-733801
-883255
-1072523
-1022136
-953323
-871567
-756877
-669856
-692814
-727498
-805129
-721495
-529991
-415694
-394483
-329259
-315795
-119308
98650
192854
258831
244943
395313
559889
740477
675930
859472
892751
926962
899409
987731
988866
851985
850345
786714
836594
772131
674421
520067
532811
248290
208892
61730
-146525
-220323
-304968
-453035
-512388
-573173
-727343
-772430
-776408
-788521
-885753
-823485
-811912
-834405
-906727
-737345
-648055
-628856
-586539
-467739
-354634
-219415
-89644
52687
61265
168009
369117
455056
510072
532642
684977
795797
754828
797480
872886
838388
959445
930456
861967
798285
679756
550769
616966
599250
511561
310395
46605
-88761
-126878
-223655
-355427
-462608
-577367
-611233
-660414
-710446
-696647
-817114
-903750
-927184
-815430
-759219
-684390
-670979
-671209
-687911
-625483
-510694
-369152
-241595
-149029
-30419
17928
216654
354972
347440
543918
742652
716665
672193
861047
867094
818556
862736
887655
826563
880574
829466
703405
564647
499058
443837
371935
118890
142275
96226
-85114
-179360
-349378
-546343
-595588
-660852
-847491
-840131
-830509
-931303
-970558
-977551
-966016
-879442
-957407
-839050
-786979
-751571
-611527
-449933
-379614
-237640
-102962
-45750
179496
231002
226774
457682
556378
443014
568856
741026
811288
882653
914665
907402
920363
903202
925932
897523
737878
683715
686232
597012
483531
374160
225515
70287
-26530
-153278
-264140
-403259
-452026
-493083
-651175
-743583
-814268
-833113
-801411
-816273
-806574
-749995
-735960
-755558
-740762
-616151
-507708
-409278
-430324
-397944
-169719
-31442
45122
196932
392428
391100
397028
552644
628240
652460
831052
926559
820861
826321
846364
953341
870793
734286
694765
629344
515219
421564
349841
148422
86580
45537
-143764
-281179
-400888
-457743
-545312
-623053
-751553
-810677
-874938
-922407
-958383
-935402
-896088
-943746
-892015
-850122
-736442
-603472
-519847
-413511
-354381
-234177
25027
464
21192
232165
381865
458074
614547
697040
706226
813556
821465
837917
847230
915983
930575
947493
859410
749001
746285
665114
574873
469835
359105
294606
174410
-87156
-166793
-237629
-345112
-435133
-626888
-760852
-760223
-776514
-891523
-922718
-1002414
-972171
-922141
-933660
-877898
-756223
-622899
-591623
-611622
-580788
-386141
-249078
-182159
-57161
79006
199892
321812
484221
605378
646544
731297
760191
894819
932013
969196
959397
949296
886924
850184
835592
763538
728693
608884
511642
347643
168569
29300
-47783
-98226
-160414
-297074
-475334
-572212
-607334
-752476
-811264
-821685
-939336
-935310
-884876
-880128
-860684
-930187
-828233
-714596
-645845
-508958
-485288
-417597
-233074
-96429
-39858
52907
158589
366697
484197
487602
619062
736626
738584
809110
811259
851440
900721
866739
741777
874454
885427
743151
603557
566539
482094
406435
341217
182952
77153
-59824
-223345
-316742
-426607
-594987
-661354
-711345
-682283
-711631
-868704
-938734
-897188
-889086
-813170
-807086
-833396
-807622
-657636
-618995
-484672
-268836
-175396
-160646
-104459
30474
153670
294300
403896
517294
672999
664293
827404
794167
762126
868777
949247
916523
896659
900830
761600
747571
694975
668507
514353
439898
397556
219388
103681
41692
-148985
-341895
-450781
-507758
-683840
-661260
-763363
-802558
-874628
-859746
-986705
-977728
-900385
-922963
-838706
-762452
-653375
-625055
-560235
-498886
-347161
-185815
-91944
419
265035
270083
391674
466306
515385
588890
778978
837259
867749
851899
758267
982950
914014
842959
800376
816246
608490
588520
487136
437605
382991
164793
-25276
-103488
-191860
-330308
-348636
-485945
-596702
-701909
-820872
-795691
-724658
-831930
-913940
-825597
-816432
-880668
-821153
-780284
-720829
-601405
-444036
-294045
-262233
-185705
48189
161887
113100
357286
476466
523936
646736
785217
716481
882098
895758
775929
811714
932959
913813
897013
