1335
1381
1376
1388
1443
1453
1527
1621
1648
1730
1788
1866
1987
2050
2129
2200
2285
2356
2423
2454
2498
2576
2609
2637
2650
2678
2679
2673
2626
2600
2554
2504
2417
2367
2330
2231
2184
2100
2010
1900
1830
1762
1678
1590
1567
1475
1405
1388
1358
1372
1366
1394
1426
1452
1536
1598
1614
1716
1804
1858
1955
2038
2164
2225
2313
2351
2407
2490
2494
2556
2624
2641
2688
2667
2640
2621
2583
2577
2541
2472
2445
2349
2288
2232
2144
2086
1997
1866
1784
1699
1644
1574
1547
1482
1400
1378
1346
1300
1336
1360
1361
1422
1474
1532
1592
1678
1766
1831
1943
2040
2105
2197
2265
2298
2362
2408
2479
2549
2555
2541
2703
2735
2472
2752
2621
2588
2764
2483
2626
2466
2504
2196
2492
2128
2249
1874
1944
1666
1812
1563
1529
1466
1332
1309
1209
1463
1469
1550
1711
1755
1851
1935
1935
1868
2067
2072
1942
2157
2064
2381
2230
2624
2285
2659
2414
2670
2463
2961
2665
2885
2724
2792
2605
2809
2579
2519
2534
2458
2243
2231
2120
2079
2119
1880
1790
1601
1689
1543
1647
1497
1505
1368
1408
1356
1393
1481
1424
1394
1444
1492
1624
1829
1745
1770
1798
1973
2006
2270
2259
2388
2381
2496
2558
2632
2715
2640
2641
2680
2752
2667
2773
2588
2547
2438
2455
2350
2329
2177
2133
2011
1965
1856
1786
1746
1678
1549
1524
1379
1354
1314
1319
1282
1351
1367
1395
1441
1460
1593
1634
1783
1786
1913
1959
2032
2102
2249
2346
2498
2485
2512
2544
2561
2625
2668
2682
2718
2688
2688
2685
2629
2572
2535
2464
2385
2336
2255
2159
2086
1978
1847
1736
1661
1547
1482
1448
1455
1425
1417
1417
1408
1437
1429
1428
1508
1543
1575
1610
1710
1786
1835
1955
1992
2056
2188
2256
2346
2456
2494
2564
2625
2636
2701
2678
2667
2622
2640
2609
2549
2510
2491
2421
2395
2289
2229
2186
2093
2020
1915
1773
1737
1697
1608
1564
1532
1459
1391
1371
1387
1368
1390
1372
1399
1448
1478
1592
1674
1765
1826
1904
1945
2050
2121
2236
2339
2409
2484
2539
2577
2633
2633
2667
2644
2628
2617
2565
2537
2499
2454
2379
2308
2294
2232
2140
2081
1985
1883
1820
1746
1669
1581
1496
1443
1404
1372
1329
1358
1404
1385
1390
1472
1485
1572
1687
1714
1819
1936
1969
2064
2136
2205
2279
2360
2447
2504
2526
2593
2617
2620
2670
2716
2718
2686
2638
2565
2512
2524
2452
2397
2352
2261
2177
2059
1978
1916
1865
1799
1704
1636
1562
1481
1451
1397
1375
1424
1399
1381
1387
1446
1500
1579
1644
1722
1788
1894
1977
2058
2177
2256
2322
2401
2496
2543
2593
2652
2652
2667
2731
2719
2692
2724
2673
2656
2605
2520
2440
2403
2349
2285
2209
2099
1998
1925
1849
1761
1711
1648
1548
1499
1445
1409
1364
1373
1380
1406
1458
1501
1563
1604
1634
1685
1791
1906
2002
2073
2155
2197
2273
2350
2386
2511
2577
2579
2652
2640
2649
2655
2671
2684
2654
2616
2538
2485
2418
2365
2317
2240
2142
2073
1930
1869
1813
1743
1733
1605
1492
1464
1426
1362
1376
1381
1413
1441
1471
1508
1540
1597
1659
1736
1833
1893
1951
2024
2150
2215
2252
2353
2461
2539
2574
2598
2615
2624
2626
2646
2641
2645
2659
2601
2570
2513
2447
2403
2304
2217
2174
2062
1976
1932
1854
1726
1696
1590
1582
1479
1466
1347
1369
1340
1422
1409
1432
1491
1545
1570
1651
1739
1815
1907
1989
2075
2158
2274
2272
2392
2464
2532
2554
2587
2609
2640
2631
2620
2667
2690
2624
2554
2569
2511
2464
2399
2308
2233
2186
2044
1983
1928
1858
1763
1666
1608
1536
1521
1443
1404
1388
1377
1380
1440
1436
1488
1548
1577
1649
1768
1839
1867
1999
2058
2129
2192
2291
2340
2436
2474
2520
2564
2567
2602
2637
2624
2702
2657
2597
2565
2532
2472
2418
2369
2304
2233
2145
2016
1966
1897
1810
1730
1628
1528
1494
1411
1380
1350
1383
1396
1375
1420
1398
1453
1500
1587
1636
1750
1825
1896
1939
2032
2124
2213
2288
2382
2461
2518
2541
2561
2609
2648
2669
2691
2707
2661
2625
2576
2525
2473
2444
2407
2329
2248
2165
2067
1985
1929
1857
1755
1682
1613
1500
1471
1422
1406
1422
1422
1407
1444
1501
1502
1545
1639
1649
1713
1832
1909
1987
2081
2130
2193
2297
2351
2426
2508
2571
2568
2660
2660
2632
2672
2664
2614
2624
2605
2546
2486
2466
2400
2312
2223
2125
2052
2013
1902
1824
1765
1668
1599
1504
1436
1414
1427
1402
1390
1394
1411
1464
1469
1514
1602
1672
1740
1837
1889
1959
2050
2094
2176
2281
2323
2412
2489
2530
2569
2581
2606
2659
2678
2659
2661
2652
2593
2525
2491
2403
2353
2307
2236
2159
2086
1957
1903
1840
1761
1697
1627
1557
1509
1476
1402
1417
1397
1412
1450
1474
1488
1544
1605
1674
1778
1835
1896
1975
2044
2108
2196
2295
2375
2465
2483
2500
2557
2603
2621
2655
2670
2682
2708
2649
2608
2589
2524
2422
2404
2353
2232
2168
2088
1969
1922
1820
1744
1702
1647
1533
1494
1446
1423
1420
1431
1385
1406
1476
1515
1543
1600
1679
1767
1805
1899
2001
2049
2105
2187
2296
2365
2440
2484
2572
2587
2604
2630
2656
2674
2660
2678
2641
2611
2555
2468
2413
2379
2316
2246
2162
2063
1990
1907
1807
1733
1644
1554
1510
1498
1415
1402
1391
1357
1405
1399
1418
1489
1559
1605
1687
1787
1842
1902
1977
2060
2134
2218
2296
2395
2481
2486
2545
2557
2603
2616
2618
2660
2675
2655
2596
2573
2512
2479
2423
2372
2321
2266
2184
2058
1988
1870
1772
1673
1640
1610
1528
1463
1422
1379
1406
1370
1383
1442
1467
1474
1562
1621
1697
1797
1828
1885
1979
2051
2133
2233
2301
2378
2411
2470
2507
2535
2603
2596
2715
2659
2638
2726
2641
2552
2628
2540
2435
2307
2285
2234
2220
2117
1965
1855
1794
1717
1657
1662
1530
1462
1398
1362
1359
1460
1382
1360
1397
1432
1500
1711
1712
1749
1955
1959
1947
2132
2171
2184
2344
2448
2437
2519
2612
2524
2555
2681
2641
2655
2814
2675
2621
2688
2532
2442
2558
2437
2315
2286
2188
2058
2090
1934
1783
1756
1700
1592
1580
1558
1394
1364
1340
1359
1382
1505
1426
1448
1491
1566
1673
1862
1872
1888
1966
2039
2090
2306
2368
2377
2422
2498
2514
2573
2612
2589
2622
2676
2645
2652
2692
2562
2479
2454
2424
2384
2306
2264
2153
2068
1996
1859
1813
1743
1665
1608
1510
1446
1428
1374
1373
1382
1374
1405
1419
1417
1485
1572
1631
1699
1789
1872
1995
2076
2124
2229
2334
2383
2443
2521
2527
2552
2571
2617
2645
2653
2621
2619
2605
2576
2517
2467
2396
2349
2317
2227
2178
2070
1967
1860
1763
1712
1649
1585
1530
1444
1406
1394
1350
1381
1402
1414
1448
1476
1525
1600
1662
1724
1806
1867
1932
2002
2129
2177
2317
2393
2418
2473
2507
2540
2592
2608
2626
2669
2639
2622
2594
2601
2548
2496
2462
2404
2338
2251
2168
2092
1992
1865
1813
1712
1639
1594
1508
1462
1412
1392
1373
1352
1360
1431
1442
1486
1527
1604
1662
1705
1799
1877
1985
2064
2112
2201
2322
2341
2421
2503
2537
2603
2651
2683
2668
2678
2651
2624
2652
2580
2530
2523
2432
2385
2325
2239
2172
2096
1994
1889
1783
1725
1654
1568
1542
1471
1407
1368
1370
1403
1432
1431
1442
1479
1531
1531
1622
1710
1822
1934
1994
2060
2146
2204
2288
2360
2428
2488
2579
2585
2624
2661
2671
2672
2669
2648
2604
2585
2529
2510
2451
2383
2293
2256
2176
2085
1992
1863
1783
1712
1662
1577
1520
1416
1404
1392
1392
1362
1375
1423
1451
1472
1476
1556
1637
1708
1826
1929
2017
2094
2136
2197
2284
2329
2420
2475
2554
2604
2641
2648
2671
2646
2627
2632
2629
2614
2563
2493
2411
2356
2316
2248
2162
2100
2019
1890
1813
1759
1714
1625
1542
1496
1427
1369
1364
1358
1391
1437
1465
1489
1510
1554
1639
1739
1821
1913
2036
2094
2144
2224
2290
2345
2399
2491
2572
2665
2682
2682
2661
2630
2618
2608
2616
2576
2557
2514
2425
2339
2310
2240
2163
2090
2021
1948
1812
1746
1671
1626
1568
1509
1458
1394
1395
1402
1404
1430
1448
1478
1551
1564
1666
1755
1791
1864
1982
2050
2120
2201
2300
2354
2430
2500
2540
2651
2654
2622
2647
2693
2688
2682
2633
2580
2535
2517
2464
2376
2314
2242
2161
2084
2002
1897
1797
1747
1681
1619
1562
1493
1429
1400
1382
1402
1426
1435
1464
1479
1557
1598
1647
1765
1839
1889
2001
2060
2136
2245
2323
2384
2470
2527
2608
2608
2642
2672
2678
2730
2704
2676
2654
2628
2588
2539
2498
2420
2334
2261
2172
2088
2014
1917
1794
1692
1633
1600
1531
1514
1480
1403
1389
1353
1348
1413
1435
1499
1533
1611
1634
1732
1843
1887
1951
2044
2167
2237
2321
2367
2448
2525
2538
2573
2680
2688
2645
2711
2684
2656
2668
2649
2585
2553
2466
2383
2326
2254
2164
2103
1996
1874
1805
1747
1675
1596
1539
1492
1471
1423
1360
1346
1377
1395
1432
1490
1504
1533
1653
1745
1829
1949
2010
2041
2109
2206
2305
2352
2444
2527
2560
2590
2615
2642
2672
2673
2663
2655
2634
2603
2538
2500
2436
2396
2364
2297
2181
2094
2005
1925
1854
1787
1683
1630
1569
1494
1451
1411
1366
1344
1365
1381
1430
1490
1528
1598
1701
1741
1818
1876
1960
2054
2112
2181
2301
2352
2429
2473
2538
2579
2600
2638
2682
2698
2698
2688
2663
2613
2523
2497
2458
2418
2383
2268
2201
2115
1988
1869
1798
1737
1667
1610
1560
1482
1444
1396
1349
1366
1407
1417
1449
1495
1525
1536
1621
1685
1760
1912
1976
2065
2166
2200
2283
2330
2412
2513
2578
2628
2625
2637
2642
2657
2685
2694
2684
2638
2542
2484
2448
2372
2304
2245
2207
2112
1990
1886
1779
1728
1691
1618
1587
1500
1411
1379
1354
1338
1367
1418
1428
1477
1549
1562
1631
1700
1814
1915
2002
2092
2174
2249
2307
2369
2425
2500
2566
2632
2639
2636
2663
2688
2680
2688
2626
2625
2601
2496
2406
2381
2310
2260
2233
2077
1980
1909
1810
1720
1659
1589
1526
1479
1394
1374
1340
1331
1387
1441
1461
1483
1523
1565
1631
1684
1746
1856
1972
2057
2120
2189
2269
2346
2407
2453
2520
2608
2648
2689
2677
2660
2634
2651
2636
2614
2571
2512
2434
2350
2322
2245
2168
2083
2008
1897
1816
1729
1660
1611
1564
1460
1412
1390
1395
1370
1362
1414
1431
1486
1547
1554
1623
1761
1798
1867
1973
2029
2105
2237
2349
2393
2451
2480
2510
2576
2635
2650
2692
2704
2676
2656
2626
2592
2533
2525
2468
2376
2316
2256
2151
2052
2044
1929
1846
1791
1655
1562
1511
1441
1409
1421
1415
1364
1366
1382
1387
1448
1504
1541
1642
1703
1771
1879
1936
2066
2158
2240
2310
2345
2410
2473
2490
2576
2634
2670
2800
2689
2656
2760
2634
2598
2648
2556
2466
2369
2290
2236
2196
2110
1994
1919
1808
1762
1659
1592
1503
1454
1423
1421
1375
1464
1394
1375
1421
1473
1548
1736
1693
1721
1883
1893
1958
2121
2185
2215
2330
2410
2424
2525
2604
2564
2610
2696
2663
2686
2788
2668
2597
2674
2535
2471
2560
2392
2298
2222
2145
2096
2098
1929
1822
1739
1656
1592
1518
1515
1396
1372
1366
1407
1386
1481
1431
1428
1503
1563
1655
1839
1830
1859
1942
2055
2156
2328
2325
2356
2414
2495
2552
2640
2699
2637
2654
2697
2675
2644
2717
2613
2568
2521
2434
2392
2360
2245
2188
2092
1991
1907
1836
1721
1652
1582
1455
1432
1416
1381
1362
1355
1340
1387
1404
1409
1481
1575
1621
1705
1790
1853
1967
2048
2115
2197
2259
2313
2438
2501
2578
2626
2633
2642
2645
2662
2674
2706
2659
2591
2541
2483
2432
2394
2321
2260
2205
2076
1983
1902
1810
1722
1637
1555
1475
1438
1384
1333
1340
1349
1349
1401
1424
1466
1523
1569
1631
1713
1779
1906
1984
2048
2122
2191
2268
2346
2414
2498
2554
2588
2625
2646
2661
2647
2678
2646
2613
2596
2531
2498
