-2034147
1773866
1805796
2083793
2198329
2243546
2190810
2215839
2222946
2127568
2006337
1653459
1593925
1526769
1216533
922468
547857
332896
97438
-72306
-349994
-729240
-1034017
-1395032
-1346004
-1541189
-1610611
-1799719
-2114899
-2005822
-2123036
-2038061
-1785505
-1921465
-1735962
-1559832
-1534391
-1253613
-1119095
-1008988
-600593
-180456
-51088
49234
23896
503464
877148
1073775
1540777
1753163
1887475
1843185
1698161
2117783
2295046
2181952
2015607
2004277
1915594
1923216
1613392
1236206
1225700
620369
562174
602550
27913
-69525
-362663
-838729
-929678
-1285543
-1612259
-1662729
-1772115
-1908693
-1890977
-2083587
-1956382
-1898496
-2092136
-1835151
-1741421
-1671999
-1653047
-1291929
-1061209
-810816
-662187
-566706
-157590
-8343
95481
329188
889714
1290281
1669733
1659845
1813521
1964931
2099449
2095535
2184836
2284437
2244679
2230156
2005307
1937533
1792715
1361351
1210559
801340
559805
501404
102897
-125763
-551565
-828532
-1187281
-1530580
-1426962
-1625546
-1957824
-2050936
-2013341
-2126847
-2098522
-2168562
-2099655
-1863373
-2018697
-1713508
-1328700
-1505551
-1159471
-1100452
-785478
-469989
-442385
63654
482864
549505
871792
1387719
1538614
1861622
2003556
1914667
2127259
2101715
2324710
2326049
2313895
2561198
2034971
1819598
1513894
1372372
1296461
747677
542398
595752
234325
-483997
-760861
-842128
-1291723
-1339927
-1367634
-1761300
-1780252
-2063708
-1943713
-2003453
-2169077
-2288042
-2040739
-1814345
-1829177
-1626473
-1664995
-1378037
-1143609
-1064814
-798765
-339488
-217021
99807
363693
409013
735214
1072745
1292856
1669218
1720718
1839580
1858738
1957206
2198432
2273107
2085338
2079776
2176081
1904985
1772115
1383290
1153497
1187487
728416
462161
32033
-275937
-422403
-753651
-937506
-1156793
-1493397
-1603195
-1765317
-1883355
-1971523
-2153421
-2095638
-1967918
-2019109
-1782621
-1878411
-1656755
-1499165
-1298109
-1213237
-1025880
-589675
-593074
-298391
-143891
295095
416635
609966
1141858
1384114
1626679
1723293
1965549
2071536
1801882
1919302
2014783
2123551
2265588
1855442
1818156
1785299
1329009
1182646
1219520
644059
388516
72306
-241020
-393872
-743866
-1066565
-1128777
-1611744
-1688170
-1565600
-1875424
-2048670
-2180510
-2080291
-2083999
-1820628
-1781076
-1704238
-1707122
-1426962
-1210456
-1159265
-884049
-760758
-460513
-213313
-51191
220523
504597
974689
1252789
1383908
1729370
1797556
1930838
2144666
2091621
2114899
2197608
2126332
2067725
1985119
1743378
1659330
1278642
1147935
993847
577212
187666
89301
-342269
-537454
-888890
-1382363
-1337455
-1601753
-1722778
-1771806
-2036001
-1983265
-2041357
-1945052
-1953498
-2058764
-1793951
-1596603
-1559729
-1520589
-1353111
-1382672
-886830
-653123
-450316
-26986
114536
345874
784860
955119
1180174
1561686
1571986
1802706
2036516
2087192
1989239
2223667
2229126
2111912
2002423
1892007
1779943
1626679
1448901
1259175
860565
724090
351436
-148629
-29767
-650033
-780740
-1082427
-1492470
-1472282
-1746262
-1781900
-1809298
-1988312
-2010354
-2073493
-2103569
-1911474
-1832370
-1760476
-1534288
-1637288
-1506478
-1144124
-1093757
-643647
-440119
-194052
-208678
95790
603374
731197
1146699
1480419
1638009
1876454
1886445
2110985
2106247
1948554
2126744
1994801
1928057
1872437
1813212
1882634
1785608
1174818
922983
702151
365341
160474
-43672
-465972
-875603
-1158956
-1145875
-1339206
-1538820
-1734726
-2093784
-2012002
-2251683
-2066283
-2035692
-2038576
-1829177
-1659227
-1518529
-1614113
-1546442
-1335292
-923498
-730579
-484100
-210532
-163667
143273
561865
937918
1111267
1396680
1604328
1633168
1882428
1893140
2384656
2259099
2088428
2070300
2083175
2061133
1863682
1802088
1383908
1143300
1049055
759728
545797
296022
-240814
-455260
-875191
-1087886
-1261029
-1693938
-1750382
-1763051
-1901895
-1993771
-2249417
-2069888
-2023744
-1987591
-1849777
-1834327
-1711139
-1675913
-1330451
-1057707
-1007546
-643956
-488838
-203837
107429
372139
404275
894864
1173067
1233940
1519456
1691466
1901998
2014474
2198226
2129525
2277433
2139310
1933413
1954219
1929705
1787668
1494942
1066359
819777
800310
525403
67671
-151719
-474933
-785993
-1041742
-1536348
-1489277
-1598869
-1907457
-1846687
-1894067
-1939902
-2111500
-1977497
-2113663
-1731121
-1770055
-1940932
-1341472
-1385659
-1128365
-931326
-777032
-657140
-102691
2163
200541
647767
802988
1178835
1384114
1670454
1720512
1937636
2031984
2069270
2339027
2157438
2114796
2172373
1975437
1956382
1532228
1424490
1222507
984783
626858
195597
136269
-178911
-450419
-942862
-975101
-1192328
-1441279
-1693217
-1971523
-1975849
-2091724
-2143224
-1934443
-1941035
-2236027
-2078540
-1931662
-1604431
-1288839
-1308100
-1145154
-870453
-557436
-594207
-310339
-128956
286752
810404
978809
1191607
1519662
1824336
1838962
1994904
2055056
2159807
2224697
2245606
2151155
2281141
1843906
1412336
1599178
1445914
1233425
1104469
739952
535291
159032
-501816
-480495
-677431
-958518
-1065329
-1634404
-1786020
-1883664
-2160425
-1859253
-2100273
-2076068
-2028482
-2085235
-2024053
-1814448
-1745026
-1522340
-1142064
-972011
-824618
-854385
-541986
5665
244625
320227
745720
911653
1355686
1466411
1548399
1971523
2136529
1869656
2063914
2118710
2209247
2281244
1924658
1983059
1720203
1444575
1236927
1188826
1101688
827811
307558
83636
-272126
-388928
-655080
-949351
-1167608
-1636464
-1615246
-1725250
-1828662
-2020654
-1980690
-2111191
-2048567
-1952777
-1968536
-1746468
-1643880
-1583522
-1158956
-1182337
-1094993
-830180
-553419
-44290
163564
579684
548681
934828
1077483
1426344
1665510
1824954
1768922
2091106
2150743
2047949
2239838
2278566
1988415
1817847
1728855
1602371
1838035
1184912
872925
679800
196215
125557
-207957
-457011
-631390
-1052866
-1226730
-1471767
-1773351
-1827117
-2018697
-2006234
-1989342
-1953292
-1935473
-1891183
-2042799
-1749352
-1592174
-1442721
-1218593
-1109001
-930090
-660539
-503052
-272950
189829
378731
571032
1006619
1155042
1451167
1476299
1626679
1932795
1798483
2298857
2356434
2194003
2110161
1948966
1822276
1991402
1535936
1393590
1251656
875397
766732
140595
-67053
-265431
-748707
-789186
-1077071
-1371342
-1335086
-1960193
-1933310
-1915800
-2023538
-1940314
-1939387
-2095329
-1929190
-1883046
-1934546
-1493088
-1468986
-1017434
-1099731
-969436
-450934
-518296
-299421
-159135
174585
714099
836154
1141137
1470222
1477226
1758004
2054026
2170004
2153215
2143121
2136014
2160528
2061339
1777059
1715053
1736374
1429228
1098083
792173
656110
445578
229381
-282735
-578139
-798456
-1048849
-1206954
-1330760
-1645837
-1820731
-1960193
-1976982
-1970390
-2051142
-2038473
-2127465
-2053408
-1754090
-1551798
-1422224
-1383702
-1041845
-1110855
-841304
-536939
-302305
215064
68392
564028
995083
1102100
1220138
1721645
1753575
1974613
2179274
2015504
2396707
2024877
2133542
2154554
2060103
1848335
1730297
1436438
1149171
943995
827502
709773
237312
-227630
-278100
-666513
-956870
-1125275
-1510392
-1687346
-1920950
-1921362
-1814448
-1929911
-2134469
-1873467
-1873364
-1928160
-1759034
-1631726
-1566630
-1311396
-1395444
-1000851
-758492
-700915
-343402
3090
235870
243904
724090
1048437
1276788
1334262
1388131
1895921
2085853
1979660
2190810
2220577
2050009
2140340
1992638
1786329
1619881
1469295
1283586
1055750
739643
514176
104339
-16377
-330939
-554346
-641072
-1169359
-1331584
-1600002
-1914976
-1807856
-1906530
-1742039
-1833091
-2051657
-1849159
-1810946
-1904882
-1699088
-1484848
-1470428
-1221683
-978809
-712966
-578757
-291490
-41612
264916
489662
772809
1006310
1260823
1419031
1622250
2018182
2172579
2205951
2198638
2243958
2024465
2022611
1970596
1540468
1723808
1457450
1171316
1094375
823794
293653
51088
-107944
-670118
-647561
-1028764
-1188311
-1489483
-1746262
-1882222
-2140031
-2017873
-2017152
-2048670
-1967300
-1940417
-1871201
-1588157
-1538305
-1557463
-1193049
-1248978
-814318
-582877
-606773
-59328
-13596
254204
873028
897027
1063578
1465278
1369591
1766553
1867287
1988621
2278360
2141370
2076171
2121285
2049494
1834224
1807650
1467235
1358570
1153188
947909
552698
249775
-35535
-237209
-543531
-884770
-844085
-1149274
-1492779
-1788801
-1931765
-1964519
-2090694
-1997170
-2050524
-1861519
-1939181
-1967197
-1575488
-1638936
-1454463
-1282453
-1020009
-811434
-752621
-577418
-333926
55105
302717
577624
877972
989109
1266076
1493500
1576930
1975952
2219444
2054953
2236851
2260026
1968742
2039503
1916933
1914049
1611126
1203246
1155557
996834
720588
464736
126381
-348655
-517781
-822970
-903001
-1118786
-1608345
-1986355
-1968124
-1903234
-2080188
-1977703
-1915285
-2112839
-2003556
-1966888
-1915594
-1738125
-1564261
-1250935
-944510
-1105911
-724193
-484821
-354938
37492
204970
508202
958724
1107456
1349609
1498547
1478874
1932074
2133954
2100685
2201625
2107174
1932074
2051039
2219341
1908178
1566836
1267930
1116005
1070273
745102
441973
-15347
-225879
-582259
-815966
-983547
-1323962
-1416559
-2070197
-1839683
-1848026
-2010766
-1821040
-2154142
-2030233
-2052481
-1958854
-1741112
-1498238
-1493294
-1369076
-1193667
-958209
-698958
-529111
-263783
31518
520356
701945
936888
1150613
1224052
1519662
1883458
2058146
2021684
2071021
1967403
2094608
2206878
2130761
2072051
1887990
1492470
1337558
1091491
847896
843261
541986
98983
-214755
-847587
-769822
-907533
-1426344
-1498856
-1610817
-1624619
-2081527
-2009530
-2016122
-2049597
-2071021
-2103775
-1903234
-1619160
-1363720
-1330554
-1169977
-1101379
-1025674
-897027
-443312
-225879
204249
390061
630978
857784
1100349
1315413
1455390
1835872
2094814
2219959
2226757
2067828
2117680
2202655
1926718
2055468
1820834
1535524
1185736
1249184
1042669
736450
359985
29664
110828
-433012
-766217
-1128262
-1313353
-1564261
-1662832
-1664274
-1788286
-2049494
-2194827
-2158983
-2241486
-2045477
-1957721
-1743481
-1381333
-1412645
-1181101
-1254540
-1052866
-765187
-472770
-139462
-8961
452891
661466
793203
1002808
1149789
1360836
1789110
1750794
2160322
2365395
1903543
2072566
2173918
1921465
1936091
1766347
1570853
1559317
983135
894246
943583
444754
334441
-189005
-532819
-612850
-1104984
-1221992
-1254849
-1479286
-1603710
-1850086
-2006646
-2047949
-2329757
-2158880
-1994080
-1817847
-1489895
-1627915
-1509259
-1220344
-966758
-838935
-661260
-317961
-282941
228042
279645
407983
978500
963153
1120846
1400079
1587127
2013135
2115517
2239014
2230362
2030645
1700015
1923731
1965652
1915594
1729988
1261338
1184706
914331
521180
243389
237621
-182001
-461543
-858505
-1151540
-1075114
-1511113
-1673029
-1697543
-1721851
-2091209
-2222843
-2087398
-2074626
-1853485
-2015813
-1660463
-1532125
-1429743
-1498341
-1405023
-618206
-852325
-466590
-274701
57371
538587
749016
951205
1058634
1209529
1515954
1914358
2116650
2263013
2264970
2088222
1975849
2005719
2058970
2077510
1865330
1639657
1392869
904958
871895
673414
488735
166448
-307352
-549196
-717189
-1001366
-1292547
-1434687
-1826602
-2009633
-1785093
-2095329
-1978218
-1949996
-2105938
-2000157
-1954219
-1771497
-1767171
-1525842
-1392869
-1173479
-698752
-785169
-619442
43569
-42333
361221
709876
754578
1099731
1340545
1344356
1759240
2046610
1973892
2256833
2092651
2051348
2291750
2059073
1895097
2013238
1507508
1421400
1370003
773221
693602
236797
-106811
-165727
-464221
-829768
-957591
-1219932
-1685389
-1617409
-1906221
-2046919
-1728134
-1993462
-2063296
-1997067
-1842567
-1890771
-1742966
-1605152
-1580638
-1086753
-1143197
-923910
-718219
-503052
-427965
-28531
342063
604713
907224
1013211
1441794
1539850
1592998
1743584
1963180
2213058
2095329
2281553
1968742
1836284
2110058
1813109
1798071
1459819
1084075
826472
794851
492134
55311
-238239
-518708
-423742
-1006825
-1286882
-1417795
-1498753
-1720409
-2051863
-1864403
-2138383
-2015710
-1964004
-1953395
-1968227
-2002629
-1774896
-1616894
-1346210
-1257527
-998173
-529214
-376671
-96305
-27089
165109
602241
891774
1084487
1488144
1537172
1697440
2026216
2093784
2448310
2199153
1948348
2126126
2228611
2012105
1814242
1729164
1523576
1246300
853767
564234
527669
246170
-136372
-250496
-748501
-1044729
-1217975
-1156690
-1531610
-1835151
-2059279
-2268060
-2071845
-2080291
-2225418
-2043932
-2096359
-1793333
-1592071
-1811873
-1433863
-1096229
-1245270
-525506
-293344
-196009
263577
55929
533643
1058840
955119
1577136
1824954
1864815
2296179
2234997
2166090
2240559
2201625
2084308
2126332
1968021
1853691
1732151
1216533
1242489
809786
472461
411382
3296
-365650
-387280
-973350
-927618
-1008267
-1818774
-1454360
-1902410
-1916624
-1914152
-2190295
-2098419
-1891904
-1939078
-1957000
-1756871
-1735447
-1398019
-1254540
-1280496
-865715
-677534
-616249
-154706
12360
244934
697310
644883
1184294
1687037
1457141
1877793
2155687
2120152
2103672
2131791
2246945
2066386
2030954
1948451
1857193
1563025
1482273
925043
929060
787847
94554
49028
-252350
-375744
-598327
-1330451
-1422739
-1442309
-1870480
-1900968
-1862755
-1899629
-2011281
-1997376
-2020036
-1951644
-1992123
-1845863
-1705783
-1334159
-1271535
-1108280
-681654
-719558
-335059
-248436
-85078
611408
634995
764363
1124142
1122494
1595161
1796011
1801367
2022199
2189162
2087604
2168253
2158159
2093578
1862652
1619366
1693320
1584140
1339000
912580
742733
241226
161916
-262856
-500374
-582053
-1089843
-1193049
-1551386
-1736168
-1890256
-2030336
-2205127
-2200595
-2078540
-2138074
-1976673
-2053923
-1849056
-1741730
-1598972
-1213958
-964183
-792894
-648385
-550226
1751
402215
356998
598018
984989
1060694
1406877
1695483
1721027
1793951
1923731
2233761
2249520
2253949
2156099
1729988
1791376
1818980
1615246
1636670
1115902
853664
725841
339797
3090
-94142
-423330
-911447
-1027116
-1311087
-1576827
-1732357
-1991711
-1978115
-1938563
-2075450
-2139310
-1998509
-2105835
-1890565
-1887784
-1714538
-1390294
-1467132
-1457965
-865921
-615322
-404687
27089
-103309
239887
682169
967788
1027837
1559832
1606182
1568278
2193488
2016946
2014371
2451091
2074420
1857090
1968845
1977291
1837417
1543043
1443751
987049
737068
576903
312914
231956
-117832
-472564
-643338
-1125481
-1370518
-1615452
-1864094
-1726692
-1845966
-2126538
-1937739
-2209453
-2317500
-1819701
-1889535
-1671587
-1641305
-1587127
-1309439
-1087680
-1052454
-819365
-626446
-191477
90331
263371
501404
706580
1312529
1503697
1724220
1716186
2117268
1975437
2109543
2237160
2184836
2306273
1900968
2064532
1978012
1782621
1379685
938021
561968
634892
317961
107017
183134
-462058
-714511
-996216
-1561995
-1387925
-1675398
-1839992
-1749558
-2027864
-2164545
-2172373
-2029100
-2101406
-2115105
-1887063
-1386380
-1535421
-1571883
-1139489
-902898
-748295
-241226
-261517
214549
326613
323832
859020
1165651
1526975
1511422
1877278
1760888
2038164
2367455
2096256
2024774
2155481
2022611
2209350
1927130
1740082
1527490
891156
835639
555170
380791
408807
-195288
-466796
-746647
-1470634
-1209941
-1614937
-1788389
-1794157
-2018491
-1876145
-1948554
-2129422
-2181643
-2016843
-1890050
-1818362
-1589084
-1335910
-1381539
-1124863
-974174
-422815
-298082
-451140
5665
127411
514897
969230
1028661
1596500
1691878
1772424
2260438
1992947
2121697
2235718
1958648
2167429
2116341
2007882
2059176
1625237
1221683
1187178
728313
643956
551565
162534
-221656
-363590
-799383
-1136708
-1247433
-1395547
-1550150
-1580226
-1949790
-1906942
-1765626
-1940005
-1932383
-1996243
-1752236
-1707740
-1689200
-1348888
-1176981
-1110855
-818438
-678255
-375744
-33166
158620
473594
920923
1229820
1540159
1701045
1969875
1907869
2267030
2428534
2620835
2366734
2277021
2137662
1633168
1687964
1239914
1523370
756329
742630
606155
440222
235458
342269
-415193
-54693
-1333335
-554655
-1713302
-1379994
-1951335
-1878720
-2099758
-2293398
-2577163
-2411024
-2886163
-2415556
-2818389
-2185763
-1986149
-1492058
-1597015
-1098701
-809168
-548681
-420446
-348861
-145745
86417
207751
630051
740982
993847
1373196
1642644
1762330
1997994
1997376
2015298
2153421
1921259
2147550
2102436
1701663
1828971
1255879
1025468
795778
543016
300863
-50985
-417871
-576285
-900220
-1121155
-1434790
-1550768
-1689406
-1665510
-1750588
-1964004
-2115826
-2086883
-1831031
-1894273
-1438601
-1754193
-1603607
-1602577
-1520589
-1184191
-1005486
-564749
-354320
-280469
196421
255543
615734
767144
921747
1110958
1480110
1683123
2062781
2240662
2172991
2191531
2402372
2265279
2558211
2206260
2195033
2061545
1588878
1405332
1554785
722339
686186
350097
73233
-327540
-850059
-1075526
-1260205
-1283689
-1382260
-1740494
-1624104
-2067622
-2103672
-1879441
-2114693
-1944125
-2054026
-2071536
-1777265
-1892419
-1401933
-805769
-969230
-773427
-714820
-309103
-34299
295919
601623
863758
1120743
1136502
1522340
1837932
1812594
2203994
2233761
2120255
2241692
2160116
1983883
1826087
1713405
1665201
1304289
1032781
783624
690615
469062
316107
-235355
-412515
-574946
-877251
-1202422
-1450137
-1901071
-1747601
-1889123
-1931353
-1749146
-2096874
-2147756
