-2185660
1885106
1921774
2229023
2282377
2192046
2151567
2359421
2199668
1997479
1642129
1575385
1573943
1357437
1043184
606567
337634
107635
-69525
-218463
-687216
-941008
-1290796
-1434481
-1602989
-1689715
-1611435
-2041769
-2115723
-2074626
-2113972
-1802294
-1895303
-1851425
-1521413
-1602577
-1287397
-1173788
-1024850
-661363
-222480
-19982
-10712
39140
416326
819571
1026910
1454051
1767480
1931147
1791273
1669527
2032705
2294531
2248284
2049391
2025083
1962562
1816920
1771600
1285234
1315516
782079
396138
649209
196627
-115154
-327746
-789907
-922056
-1179453
-1538614
-1692084
-1787874
-1813624
-1962356
-2113251
-2064223
-1854000
-2075656
-1934958
-1795187
-1640481
-1602165
-1409143
-1084384
-938536
-619751
-674341
-234428
76220
124424
183752
769616
1243107
1602268
1680960
1776338
1911474
2050627
2146417
2208732
2395780
2208011
2206672
2013238
1870171
1972553
1441279
1268651
914022
519326
557024
214137
-70349
-462779
-822764
-1101791
-1481552
-1392560
-1609787
-2010457
-2139722
-1971626
-2088222
-2202655
-2182570
-2124890
-1986561
-1932383
-1773351
-1373299
-1483097
-1298109
-1131764
-932562
-435175
-387383
-98468
405614
594207
773427
1323138
1482582
1724632
2113766
2012208
1987797
2097595
2351593
2427504
2222225
2608372
2148683
1866051
1631108
1297285
1357849
935549
493782
607700
373169
-359367
-764363
-746750
-1217151
-1520898
-1241768
-1718555
-1799822
-2084102
-2013650
-1912401
-2158159
-2232937
-2277536
-1788389
-1842361
-1617409
-1659227
-1480419
-1247639
-1037622
-853767
-513352
-175409
20291
364723
398095
650342
1012799
1224464
1659639
1783033
1815581
1813933
1919508
2195548
2268266
2153421
2053408
2206260
1959575
1768613
1496281
1143815
1153394
937300
513249
116905
-230720
-396035
-735111
-862934
-1131661
-1516366
-1529550
-1794466
-1838756
-1842464
-2190913
-2254567
-1982544
-1992020
-1885003
-1828147
-1635949
-1547987
-1372063
-1195418
-1146390
-563513
-603374
-493782
-99395
333823
466487
492958
1062960
1355686
1548399
1709079
1909105
2095123
1902822
1836078
2024568
2071227
2343559
1997582
1686522
1851734
1406980
1149686
1331687
828223
401906
155736
-221553
-462264
-621090
-950587
-1248978
-1449107
-1807135
-1551077
-1807341
-2041357
-2206054
-2203994
-2162691
-1876042
-1710830
-1734520
-1700530
-1516160
-1182028
-1241459
-895585
-843570
-542295
-187769
-28119
219493
471225
840171
1252068
1340030
1633889
1839477
1854206
2229538
2077510
2052275
2251065
2166090
2089252
2078025
1745335
1652738
1465999
1125275
1000233
694220
255543
107841
-218463
-548269
-713172
-1303465
-1393178
-1630078
-1803324
-1657476
-2044962
-2030748
-2003659
-2072463
-1904264
-2065356
-1907972
-1607315
-1604637
-1526254
-1267930
-1388646
-1076041
-603683
-541883
-121540
151204
276658
701842
1029279
1060900
1549738
1595779
1764081
1960605
2106556
2009530
2139001
2300505
2072772
2096256
1952159
1746365
1663141
1493809
1297285
961299
746750
555067
-222377
18231
-407365
-874264
-1008267
-1470840
-1392251
-1859665
-1805075
-1726589
-2011384
-1992432
-2027246
-2218517
-1966373
-1857502
-1837726
-1600414
-1540880
-1539850
-1219520
-1155969
-674650
-450007
-224334
-161092
-70040
566088
668882
1069449
1492676
1541910
1884076
1882222
2047743
2198329
1883458
2167326
2027864
1901895
1867493
1758931
1929911
1784166
1321696
935755
764054
561453
111652
27398
-313120
-897954
-1161737
-1114357
-1278436
-1607830
-1616997
-2040327
-2019418
-2272798
-2170519
-2001805
-2126332
-1810740
-1751000
-1535421
-1583522
-1564158
-1375050
-1033708
-700297
-568560
-254616
-104751
9373
541883
917318
1027013
1367840
1650266
1596500
1797144
1864300
2290720
2312865
2134469
2077922
2003968
2162073
1857811
1838035
1538408
1156381
970157
795160
561041
416326
-133076
-361530
-843982
-1125275
-1136193
-1665304
-1796114
-1771188
-1924864
-2000569
-2216869
-2096462
-2026834
-2082763
-1923525
-1861519
-1647073
-1729061
-1528829
-990345
-1042360
-730888
-505009
-246479
69113
364517
444651
734802
1191092
1263192
1411821
1636773
1904161
1962871
2262292
2105732
2195651
2263631
1935164
1927954
1962871
1879853
1540365
1213031
820498
778989
641896
108253
-104339
-347213
-774251
-916494
-1503285
-1591247
-1546133
-1894479
-1873673
-1892625
-1849880
-2176596
-2107792
-2084617
-1851013
-1591453
-2031263
-1482788
-1341266
-1179865
-986019
-785478
-712039
-275113
166242
84872
638909
829459
1098392
1226524
1638627
1704753
1934031
2081939
2011590
2347370
2261365
2075244
2169798
1991917
1980793
1684565
1445193
1336631
1021245
798044
158929
169229
-114639
-399537
-864273
-1042772
-1044008
-1462291
-1730709
-1930941
-1976673
-2038679
-2241280
-2059794
-1851013
-2184115
-2206260
-1958236
-1723293
-1330863
-1300478
-1132794
-1030309
-518296
-581641
-452994
-119686
189520
809168
962947
1179968
1417177
1778707
1827529
1998303
2040430
2254258
2198329
2197917
2241074
2247975
1987385
1382054
1612465
1598869
1223949
1054823
901662
614189
275628
-483276
-540647
-616455
-932150
-969951
-1569514
-1806002
-1829280
-2155996
-1974407
-2120667
-2024156
-2013650
-2135087
-2067313
-1892316
-1659948
-1675810
-1265252
-973659
-793306
-871895
-587306
-127823
255749
294889
690203
910314
1209529
1580741
1421503
1909002
2194415
1937121
1976261
2189368
2165472
2305449
1952262
2070918
1748116
1521207
1276170
1163900
1135781
932047
411588
98056
-202498
-387280
-544664
-1050085
-993332
-1551077
-1655519
-1712581
-1833915
-1978527
-2038782
-2101406
-2196887
-1900865
-1981308
-1802500
-1654592
-1602680
-1239914
-1075835
-1245991
-805872
-588027
-158208
79928
564028
663217
745720
1075938
1413366
1672205
1749455
1854309
1982338
2192458
2075965
2165163
2302874
2043932
1844009
1861519
1464969
1766347
1446429
931841
780946
287679
131943
-93627
-367401
-654977
-1021966
-1218387
-1400491
-1731224
-1745850
-2079261
-2018285
-2068137
-1999848
-1935782
-1883252
-2007985
-1917139
-1507405
-1489277
-1344871
-1075217
-988388
-834197
-449080
-304262
138741
424875
544252
960166
1095508
1437777
1517087
1494530
2068240
1686419
2186381
2465717
2216354
2203685
1972759
1775720
1947936
1745232
1363514
1326640
888787
876736
266873
-23690
-212798
-745720
-793203
-989212
-1394929
-1268857
-1800955
-2099449
-1916933
-2048052
-1979248
-1905088
-1989033
-2047743
-1886445
-2058764
-1604740
-1388028
-1186972
-1011563
-1075320
-428789
-555788
-311781
-88683
78795
563925
798662
1088813
1496590
1494324
1638627
1935473
2243958
2203994
2153833
2148992
2089870
2128083
1897569
1652429
1757695
1479183
1255261
796911
701224
537454
275113
-158723
-553831
-773530
-989830
-1113018
-1358467
-1586097
-1794054
-1950717
-1997891
-1981411
-2032808
-2060206
-2159292
-2095123
-1852455
-1575488
-1397298
-1493603
-1136193
-1048540
-991478
-412103
-437441
134724
119274
421991
976955
1145360
1083354
1633477
1892831
1808371
2232731
1954940
2394338
2101921
2062163
2253640
2100891
1859665
1712375
1587539
1107147
1032987
846248
780431
337428
-209502
-232368
-517678
-1002911
-1064608
-1349094
-1688273
-1970905
-1942477
-1795084
-1928366
-2175154
-1923319
-1856369
-1949275
-1795496
-1612362
-1578784
-1374947
-1343429
-1180895
-701842
-753445
-421476
-70864
328982
165624
606464
1051527
1196036
1383496
1381745
1778913
2091415
1951747
2165678
2302874
1955249
2084411
2165266
1809710
1639863
1455287
1371548
1120434
846557
554964
109283
515
-212283
-556097
-565470
-1066359
-1346828
-1471149
-1940211
-1827838
-1969360
-1761918
-1736168
-2140752
-1855545
-1803427
-1926821
-1775411
-1503903
-1409349
-1347549
-992920
-747162
-647149
-409425
-47586
248848
492752
701739
938948
1183779
1430876
1560450
2010148
2159292
2209247
2190810
2279596
2070609
1950305
2073596
1579402
1623486
1584346
1219726
1205203
925043
450110
-75190
-17922
-538278
-611099
-911241
-1241150
-1403272
-1803633
-1812182
-2239838
-2010148
-1968227
-2157541
-2002114
-1885312
-1962974
-1733799
-1554373
-1594337
-1217872
-1137326
-939051
-581950
-662187
-124424
-41818
133900
852222
1025159
956046
1394414
1411615
1739979
1905397
1964519
2241795
2091312
2139413
2071021
2175978
1862652
1813624
1569411
1338588
1248772
978191
636849
343299
23690
-286752
-390061
-933283
-841510
-1012799
-1495972
-1789316
-1934752
-1888196
-2173403
-2008603
-2077098
-1996346
-1788286
-2115311
-1687037
-1562201
-1496281
-1404611
-1109928
-709052
-760655
-657861
-364208
-75705
333823
576182
774972
993229
1171934
1546442
1524812
1891801
2303080
1987282
2171755
2396089
2020860
2019315
1900865
1924349
1763154
1260308
1155351
1028352
817408
564131
217227
-271714
-492443
-811537
-830592
-1085929
-1495457
-1946906
-2010869
-1921053
-2140649
-1988930
-1868832
-2157232
-2033735
-1890565
-1978424
-1842052
-1580226
-1322108
-980354
-1098495
-843570
-488529
-449904
8652
274392
389958
887551
1143918
1236309
1494839
1549326
1865536
2133954
2102127
2156305
2153730
1955558
1970287
2261777
2012414
1624104
1295740
1121876
1153085
846660
552389
65096
-198790
-504494
-909181
-957076
-1231159
-1356098
-1937842
-1983986
-1776235
-2111809
-1885209
-2168562
-2071948
-2016225
-1970493
-1840507
-1602783
-1389573
-1401521
-1297491
-994980
-719249
-619648
-229175
-120201
510983
685053
870350
1115799
1148862
1538614
1832576
2113148
1985222
2141885
1976261
1997685
2152906
2171858
2131585
1984295
1601238
1241974
1236309
903825
807932
734081
133488
-137814
-716880
-879311
-824618
-1432627
-1382981
-1664583
-1640893
-2029615
-2099449
-1901277
-2200492
-2070506
-2034559
-2027143
-1677458
-1435202
-1398843
-1166475
-1111164
-937918
-994465
-527154
-200541
7725
450419
637776
811537
997967
1377831
1402654
1784578
2064326
2215839
2110779
2156408
2150640
2153833
1958133
2056086
2016740
1524606
1168226
1193976
1238369
762509
474109
35020
112888
-260384
-805048
-1090873
-1203040
-1473312
-1775926
-1619160
-1783960
-2057528
-2255906
-2154039
-2206981
-2104908
-1952056
-1851425
-1528417
-1441073
-1155042
-1245476
-1135781
-808859
-505730
-80340
-110004
389134
684332
740055
953986
1230747
1294710
1672926
1763978
2052584
2476326
1951129
1952674
2197402
2031572
1906427
1880883
1638009
1545103
1146699
900117
909696
509335
385323
-19570
-537866
-572989
-1002602
-1238369
-1284410
-1399152
-1552313
-1901895
-2013032
-1999230
-2411024
-2149095
-2002114
-1939902
-1557566
-1574664
-1535730
-1252892
-1029485
-845939
-787950
-324965
-235767
134003
363693
327025
979530
990757
1003220
1366707
1575797
2072669
2044241
2185660
2252610
2089561
1816199
1717834
2020654
1997582
1787050
1320872
1208602
1029897
628609
199511
221450
1236
-486160
-679903
-1164621
-1096847
-1360836
-1744614
-1803530
-1685904
-1948348
-2280008
-2067725
-2147241
-1885106
-1958442
-1848953
-1524503
-1409761
-1443648
-1624928
-692366
-752827
-601108
-228454
-115463
472255
748192
1091697
999306
1200259
1428713
1781282
2131688
2309981
2286188
2127980
1982441
1963283
2080188
2037752
1959163
1689921
1539541
947909
894864
800413
349994
291696
-203631
-519532
-642308
-928545
-1244652
-1417692
-1719173
-2131997
-1789316
-2046198
-2109852
-1883561
-2091415
-2017770
-2060206
-1742554
-1787977
-1597221
-1302847
-1374020
-714614
-647355
-861183
-26780
54796
206206
712554
796499
1057810
1205203
1414190
1643880
2094608
1990681
2209659
2174845
1963798
2340984
2122109
1832370
1953704
1747086
1369488
1489174
906400
679903
415914
-178808
-146054
-303438
-696383
-1040712
-1129189
-1587436
-1790964
-1733078
-2195754
-1830001
-1850395
-2143121
-2091724
-1791788
-1788698
-1961738
-1583625
-1720821
-1177805
-1036386
-980869
-711936
-516133
-465766
-193846
349891
468238
977676
979839
1341781
1607624
1551386
1776338
1862446
2193282
2131997
2243855
2120976
1812903
2025289
1892213
1778707
1608757
1281835
786817
742012
615425
179529
-145642
-510983
-395211
-898160
-1286161
-1440146
-1465690
-1650472
-2110676
-1831752
-2147756
-2110573
-1944125
-1972244
-1929602
-2037546
-1964931
-1638833
-1364853
-1196345
-1095096
-598945
-448050
-217227
150277
118553
459586
858608
990139
1457862
1618336
1660154
2004174
2007264
2343353
2375695
1962768
2125405
2233143
2132924
1794878
1732666
1612362
1282144
912992
666925
509850
371212
-119583
-180559
-591220
-1030824
-1215297
-1215091
-1363926
-1833194
-1947318
-2285570
-2174639
-2068034
-2228096
-2037649
-2131997
-1987076
-1510186
-1814036
-1555918
-1053484
-1269887
-784345
-263268
-174276
190962
29458
367504
1063475
1060900
1328391
1833915
1933207
2178141
2248284
2258378
2130555
2254258
2261880
2014371
2111397
1833400
1783136
1295946
1245064
991581
404790
480907
161195
-375126
-372139
-857475
-1089534
-809168
-1796629
-1499989
-1761403
-1982441
-1872643
-2331611
-2012826
-2009324
-1913843
-2045683
-1845657
-1694968
-1521722
-1272153
-1254231
-1006722
-601932
-696486
-291387
85387
134621
689173
645192
942450
1788595
1531198
1701869
2122109
2197196
2067725
2026937
2421015
2109440
2014165
1989033
1782724
1717010
1496178
983135
902177
918760
189211
84769
-278615
-303335
-471328
-1249390
-1467544
-1435305
-1703105
-1939387
-1987179
-1873364
-2051142
-2067622
-2029203
-1999745
-1959060
-1856472
-1799616
-1471870
-1163694
-1192431
-755093
-735832
-441767
-206515
-166757
483276
746647
703078
1092933
1082324
1513585
1824233
1794981
1993977
2192870
2126950
2011281
2266721
2129628
1907354
1626473
1641923
1632035
1564879
957076
619854
380276
106811
-9785
-472255
-482040
-1140210
-1209014
-1455905
-1749455
-1809607
-2059691
-2089149
-2318736
-2096359
-2161249
-1981308
-2101818
-1940005
-1682711
-1720615
-1282865
-951308
-806284
-696795
-631699
-162534
401082
367710
555685
1039579
1002705
1311808
1682711
1739773
1847305
1879132
2158262
2216148
2242413
2339336
1787462
1665304
1860798
1565497
1744305
1329421
823794
755711
396138
99910
-123909
-239784
-838008
-1064093
-1217048
-1696616
-1587436
-1999539
-2047640
-1865742
-2137250
-2143121
-2005719
-2110470
-1992226
-1905603
-1789625
-1389367
-1479389
-1398225
-1060900
-635613
-516442
-19467
-25441
120613
639733
966552
1016301
1374638
1863270
1428404
2038988
2153112
1903543
2470043
2204612
1886857
1897569
1989033
1873776
1534700
1611126
1137017
664041
563822
361118
329291
-36565
-472461
-597297
-1060488
-1330039
-1449519
-1939799
-1737713
-1795805
-2159601
-2047228
-2052584
-2478695
-1905294
-1841228
-1799616
-1594028
-1544176
-1450240
-1242798
-943171
-850986
-678255
-344638
92700
188284
482040
608112
1238163
1467235
1742554
1718864
1976261
2111603
2013753
2287424
2151258
2380227
1938048
2007676
2093681
1773969
1475475
1080161
561350
626549
555994
-13184
200644
-287988
-722030
-909387
-1394002
-1520692
-1618233
-1815787
-1773969
-2003247
-2088634
-2283510
-2126023
-2012414
-2148992
-2024980
-1472179
-1433863
-1735550
-1238884
-840068
-918039
-286340
-139050
22042
393666
225570
854282
1025983
1586509
1507920
1754708
1913534
1825881
2363953
2241074
2019830
2197505
2022199
2158674
2015504
1664377
1700324
979427
847690
674135
365547
425184
-92700
-382748
-617382
-1524503
-1285543
-1486496
-1790552
-1754296
-2123036
-1727413
-2078231
-2148271
-2168768
-2157026
-1764699
-1884797
-1703105
-1234043
-1463939
-1141858
-997658
-665483
-196524
-463706
7519
111343
364620
999512
1042463
1502564
1728958
1627400
2168562
2112839
2045889
2360554
1930117
2139825
2165163
2038988
2013650
1660875
1429743
1135060
916494
654977
432806
378216
-216403
-452170
-581126
-1116623
-1210044
-1476402
-1581977
-1512555
-1891801
-1974201
-1771806
-2005204
-1972244
-2017873
-1791479
-1736477
-1736889
-1359703
-1198405
-1175024
-917112
-664453
-452479
-203528
90022
526536
737995
1252583
1494221
1619469
1880883
1941859
2097595
2552752
2466747
2358906
2683150
2194518
2516084
1439219
1871819
1180895
755402
1014653
338561
681345
-66744
145024
-158620
-313532
-768483
-903310
-1445605
-1347446
-2274858
-1449519
-2168356
-1899423
-2360657
-2452430
-2488583
-2736298
-2492497
-2558726
-2338615
-1780664
-1584758
-1422224
-843364
-710597
-234325
-340724
-30488
115566
445166
540338
720485
881474
1314383
1581153
1893346
1908693
2115929
1796629
2067416
1752854
2229950
2009221
1834121
1668703
1563025
1030309
804842
592559
471946
69319
-350097
-466384
-1008576
-984577
-1508847
-1517602
-1831958
-1578784
-1855236
-1935782
-2199565
-2260747
-1864300
-1946494
-1570647
-1548296
-1562716
-1600620
-1616070
-1264222
-1064093
-691027
-456496
-396962
234737
344020
511910
877045
898984
1207881
1299036
1773660
1834224
2304522
2091827
2107895
2303698
2300299
2284437
2438834
2003453
2137559
1699088
1482788
1455596
926279
662290
453509
155118
-58710
-793512
-1045965
-1212516
-1361454
-1307997
-1787153
-1558905
-1966579
-2320693
-1834018
-2157232
-1881501
-1815581
-2186381
-1756768
-1932692
-1566012
-841304
-987667
-786714
-692057
-435278
48204
103412
884976
575873
1207778
1162973
1384938
1779428
1821246
2028276
2353241
2107689
2319560
2146623
2096977
1856472
1592792
1769746
1405538
1087474
897439
661054
410867
294271
-101352
-405717
-530965
-753342
-1044729
-1329318
-1759961
-1958957
-1747292
-2064120
-1700942
-1953910
-2097595
-2022405
