-2081733
1810637
1765523
2111191
2182879
2177214
2071227
2220371
2169180
1967712
1749043
1573531
1520589
1383908
1100040
711009
403554
222377
-7931
-93627
-604919
-829150
-1117859
-1352184
-1425314
-1604328
-1519559
-1916727
-2049597
-1962974
-2080806
-1828765
-1782209
-1836799
-1544485
-1543661
-1361557
-1171728
-1041536
-804121
-339282
-87550
-28325
-12669
237415
684950
915979
1230232
1667467
1793333
1811461
1658609
1794569
2220783
2209762
2023435
1942477
1950511
1821246
1820422
1307894
1257630
995289
435690
641381
326407
-22866
-196730
-611408
-892289
-1043184
-1357025
-1621941
-1695483
-1746365
-1826499
-1940829
-2051039
-1819598
-1930426
-1935782
-1771497
-1650369
-1558699
-1488041
-1107662
-1019288
-688967
-662496
-349170
-40479
54693
122261
563513
1088298
1406877
1653665
1656961
1796011
1934649
2076789
2062678
2260644
2160013
2164545
2045374
1841434
1898187
1554785
1257733
1009606
582053
557436
326407
19261
-307661
-698031
-941008
-1364853
-1391839
-1459922
-1788904
-2004586
-1928263
-1990063
-2138383
-2077716
-2102848
-1929293
-1811873
-1918375
-1427168
-1379273
-1343223
-1123524
-1022996
-549299
-423742
-239372
253586
502640
638188
1090667
1409143
1554888
1951026
1947936
1888093
2015607
2164545
2395574
2120873
2427607
2278978
1839065
1707225
1307173
1359703
1068110
538999
557642
510159
-89301
-690203
-710288
-1003838
-1420988
-1207881
-1516057
-1717937
-1893243
-1972965
-1846481
-2094505
-2095020
-2246842
-1792303
-1805899
-1651811
-1569205
-1554579
-1256291
-1018052
-935446
-636643
-220729
-86108
224746
339488
516545
911653
1101585
1460746
1693732
1719688
1762742
1799822
2017358
2175566
2170725
1987179
2117474
2014886
1771909
1583213
1137635
1161634
986019
610893
261311
-167066
-272023
-583701
-822764
-1024747
-1294092
-1464969
-1634095
-1762021
-1811667
-2013753
-2208732
-1924452
-1927645
-1885003
-1754399
-1721439
-1517705
-1399461
-1163179
-1202628
-735935
-581744
-497593
-227218
115772
434454
397889
846145
1221580
1472900
1619263
1740597
2004277
1883664
1740494
1935576
1984398
2212131
2065665
1695998
1773454
1527078
1149274
1276479
960063
446196
263062
-63139
-364414
-504700
-836463
-1121876
-1264119
-1691878
-1490204
-1669012
-1908796
-2088016
-2144769
-2041563
-1934752
-1682814
-1665098
-1663656
-1589908
-1176054
-1254849
-975925
-810816
-655183
-289636
-120304
106502
343402
655698
1120949
1254128
1465484
1749558
1795908
2030542
2027864
1991917
2112633
2143018
2031778
2047022
1789213
1642953
1521207
1151437
1036592
810919
364208
127205
-71379
-478229
-593074
-1113430
-1324992
-1431185
-1710109
-1611435
-1863579
-1963901
-1912401
-2033838
-1835460
-1992226
-1915285
-1614113
-1557463
-1512555
-1310057
-1358570
-1196860
-641175
-610996
-242977
72615
171701
531583
913816
949969
1368252
1535524
1629872
1822482
2028482
1993874
1969875
2215633
2091312
2045580
1915388
1796835
1635743
1507611
1325095
1045244
768071
661878
-26883
-34299
-210429
-801443
-841922
-1319945
-1362381
-1631932
-1734726
-1677252
-1870480
-1910547
-1976467
-2088119
-1971626
-1820010
-1756974
-1644704
-1483818
-1599178
-1243416
-1130013
-854179
-498932
-300966
-152543
-195597
386559
653123
834094
1348373
1457347
1733490
1828147
1890359
2114075
1895303
2033014
1999024
1890050
1851219
1760373
1842361
1801161
1469707
953883
834300
606773
200438
92288
-176748
-692160
-1006207
-1110752
-1124245
-1477947
-1497414
-1872334
-1990990
-2062163
-2189471
-1911474
-2062266
-1844112
-1724323
-1492985
-1541704
-1566424
-1382260
-1132176
-774457
-621914
-300245
-128441
-91773
351127
717601
974998
1181925
1534494
1530992
1668394
1814860
2046816
2316573
2099243
2030130
1946288
2091827
1878411
1818465
1607315
1188517
1030515
901662
615631
448256
59740
-306734
-668676
-990551
-1083354
-1404405
-1701045
-1691157
-1799719
-1887887
-2073905
-2100788
-1976982
-1993771
-1884179
-1804869
-1656343
-1677149
-1554785
-1080985
-1041124
-814318
-569281
-330115
-61388
248642
400567
531789
1068522
1177599
1308718
1523164
1758828
1893346
2111294
2088840
2065459
2250447
1961326
1878514
1902513
1871613
1611641
1288839
893731
761994
720897
271817
-33578
-247818
-595649
-836051
-1286058
-1552416
-1409864
-1706607
-1848335
-1826808
-1778604
-1983368
-2068240
-1978115
-1951335
-1512349
-1907869
-1622353
-1299757
-1230747
-1008576
-864376
-721515
-466693
129162
5974
406026
746441
980354
1174715
1409864
1664068
1762330
1992432
1943198
2145799
2276815
2040224
2054232
2009839
1943301
1734211
1427683
1316031
1039785
905164
341239
155221
824
-296846
-650033
-1029176
-938227
-1317988
-1524503
-1812903
-1934237
-1907972
-2118092
-2038061
-1820937
-2016431
-2150949
-1932692
-1787462
-1383908
-1269372
-1152364
-1070067
-643544
-555891
-537454
-178396
-12566
622532
871174
1048025
1230747
1633580
1798792
1798586
1975334
2074935
2154451
2145490
2162176
2113457
2095123
1488968
1448695
1619057
1277509
1107765
974586
633347
389958
-208678
-565470
-529935
-781667
-911344
-1281011
-1734623
-1719173
-1969463
-1974201
-1955146
-2047846
-1923628
-2034765
-2041563
-1907251
-1639760
-1653562
-1332202
-1014859
-843570
-803297
-742012
-284383
137608
240505
546621
780740
1060282
1480110
1345489
1692187
2053099
1970081
1840610
2069064
2066180
2258275
2027246
1931250
1811358
1544176
1353626
1121258
1138665
1010739
570826
142964
-60873
-345050
-430128
-875500
-954089
-1340339
-1578372
-1611332
-1735756
-1858944
-1993874
-1918993
-2129319
-1872849
-1934546
-1830310
-1612362
-1618336
-1338794
-1046171
-1227039
-895070
-693293
-251320
-20806
384396
594310
647767
971290
1223743
1521516
1662214
1800234
1785402
2127568
2000569
2057425
2250653
2102642
1798277
1852867
1480007
1663965
1595985
952441
822764
429407
173349
5047
-316313
-536321
-817202
-1119301
-1263398
-1582801
-1684977
-1902101
-1967918
-1976158
-1907560
-1884694
-1866875
-1888505
-1951335
-1520383
-1492779
-1348373
-1098907
-1016404
-827605
-548372
-397477
-24411
342887
428377
772500
1020627
1278024
1442515
1398225
1869347
1700427
1949687
2371781
2195548
2147859
1951335
1798689
1822894
1843700
1355068
1378552
965213
885182
460925
-8240
-111858
-544252
-758801
-802782
-1277509
-1242592
-1519250
-2032911
-1838344
-1924658
-1935370
-1873055
-1906221
-2041563
-1805178
-1950408
-1677664
-1379994
-1307070
-889611
-1141652
-594104
-493576
-430231
-155839
-53972
400258
766217
921850
1305937
1462600
1502564
1812800
2075656
2119843
2112633
2092342
2039812
2091724
1901483
1653253
1702693
1542631
1315001
874985
717910
578036
337531
37698
-473388
-645501
-890744
-1032163
-1234146
-1429434
-1691775
-1839065
-1920229
-1909208
-1936812
-1971008
-2041769
-2054541
-1879235
-1616688
-1355068
-1474651
-1196963
-990036
-1052866
-544355
-519635
-2678
154500
216712
819262
1025571
1092315
1363308
1808062
1689612
2079982
1945052
2187926
2184733
1940314
2157026
2009324
1916109
1709491
1601959
1203967
1030618
870350
822867
480804
-85902
-189932
-390164
-850883
-987152
-1223949
-1527902
-1808268
-1892110
-1760682
-1824336
-2017461
-1954013
-1757489
-1885827
-1804148
-1600002
-1550356
-1425417
-1291929
-1257733
-790628
-757153
-522416
-188387
165933
207545
413442
900220
1058737
1309748
1314898
1566733
1965755
1959678
2011178
2182570
2012311
2003247
2075450
1876042
1615864
1519250
1340236
1168020
901353
643338
238445
14523
-79207
-492237
-475551
-882916
-1251759
-1353317
-1748528
-1847614
-1825778
-1766759
-1644395
-1947009
-1921053
-1751103
-1795393
-1807959
-1524812
-1381333
-1351669
-1062033
-821734
-672693
-469062
-156972
112888
367092
564234
864891
1068110
1337455
1372681
1835872
2052481
2094711
2147447
2203582
2088325
1854721
2030439
1689200
1520898
1650884
1275243
1138047
971084
619133
7828
48616
-356174
-630978
-753033
-1134030
-1253819
-1631417
-1685801
-2073905
-2023435
-1855545
-2054232
-1952468
-1840198
-1901277
-1743893
-1512349
-1580741
-1317061
-1094272
-1076865
-627579
-655801
-316416
-16171
19879
567221
959342
892289
1212722
1341678
1516263
1806929
1815581
2093887
2110058
2067210
2034353
2106041
1857090
1736786
1665922
1325610
1266900
1002911
790834
383881
92082
-176130
-321154
-774045
-833888
-890641
-1300684
-1626061
-1855751
-1818877
-2034456
-1985016
-1940314
-1983677
-1730709
-2011693
-1757283
-1505036
-1540571
-1373505
-1180071
-800722
-790113
-667028
-464633
-214137
227630
417047
692675
890538
1049879
1388440
1438910
1681578
2105732
2069064
2005101
2274755
2083690
1903852
1887990
1856163
1790449
1351257
1169050
1027940
887757
603786
312193
-101043
-445887
-668573
-801340
-951617
-1329524
-1714538
-1957824
-1840816
-1993668
-1985737
-1822585
-1996449
-2015298
-1871922
-1908796
-1846069
-1585685
-1392663
-1044214
-1021451
-967273
-535600
-450934
-152749
149865
296331
715129
1058634
1135369
1370003
1433760
1641202
2020448
2014680
2075965
2096771
1986252
1856060
2112530
2089561
1667055
1372887
1140313
1132588
901662
642823
203837
-125866
-343402
-805769
-833270
-1099319
-1275964
-1648206
-2041254
-1689406
-1952674
-1791582
-2015916
-2041563
-1932383
-1967506
-1823924
-1656652
-1328906
-1421812
-1312117
-1067183
-787538
-595237
-336398
-202910
273774
639836
757565
1010636
1088813
1341884
1653150
2003144
1920126
2001702
2010251
1910341
2051657
2110058
2090900
1984913
1663965
1294813
1211589
978912
769101
811022
263371
-30385
-494709
-899911
-727592
-1185221
-1330657
-1557772
-1561686
-1781900
-2078128
-1817744
-2103981
-1977291
-2006337
-1985222
-1724838
-1443442
-1349918
-1246609
-1103439
-981384
-984577
-667337
-281087
-113300
347110
478435
730579
888066
1233837
1324683
1571574
1946288
2088634
2077613
2133027
2013856
2117886
1970493
1931353
1995213
1647794
1266488
1105499
1255364
868702
594207
116802
118244
-72718
-658994
-941317
-1182234
-1309542
-1639657
-1576827
-1694865
-1870377
-2060515
-2119740
-2145284
-2135911
-1876969
-1851219
-1539232
-1374329
-1223743
-1176672
-1216018
-894143
-617794
-190035
-161813
202498
591735
678461
835948
1050703
1208190
1509362
1768716
1796526
2293810
2073699
1836593
2106247
2037958
1856884
1888814
1615143
1511319
1299654
885594
936373
663938
380585
144509
-407571
-513043
-815554
-1163797
-1181410
-1317061
-1481243
-1693835
-1891801
-1894067
-2206363
-2213882
-1983162
-1910341
-1598251
-1443751
-1589805
-1298521
-1086238
-883431
-843158
-430643
-277276
-19776
312914
222686
732948
984371
934004
1191195
1418001
1870377
1955661
2082145
2182982
2091930
1845863
1618439
1934443
1938769
1867493
1415838
1185015
1085723
723060
335883
192507
137711
-341136
-548475
-1046789
-1083869
-1182028
-1589187
-1727413
-1646249
-1711139
-2160013
-2060206
-2102642
-1880059
-1833915
-1895921
-1518529
-1438189
-1290693
-1612568
-968406
-660642
-734596
-288915
-219390
290666
618927
969539
917318
1041948
1332511
1615246
1999642
2126435
2213779
2151258
1939902
1899011
1964107
2009015
1964828
1657064
1601856
1079646
855209
850162
449801
375744
-62624
-413854
-577933
-849235
-1055750
-1332717
-1551901
-1963283
-1798071
-1831649
-2103672
-1823512
-2005616
-1951953
-2033323
-1742245
-1720409
-1649751
-1306761
-1390191
-878281
-618412
-877148
-264813
77662
46762
560938
752209
881680
1107147
1350742
1413366
1917036
1961532
2044962
2195033
1912607
2127362
2156408
1809401
1916727
1826087
1391221
1420679
1060591
693396
520871
-3605
-115463
-250393
-559599
-956046
-980869
-1368458
-1713920
-1611538
-2037546
-1869862
-1729576
-1989754
-2034765
-1841125
-1677355
-1947627
-1582286
-1639966
-1307791
-983753
-1063784
-784963
-593280
-426317
-348140
203116
412412
770131
950278
1132485
1489586
1487320
1655416
1738228
2033220
2119328
2091209
2191943
1753472
1929396
1942580
1734520
1618336
1323344
891774
736141
711730
253483
-6077
-440119
-425184
-614498
-1188517
-1291208
-1443854
-1478565
-1982647
-1838138
-1909002
-2085338
-1894994
-1926821
-1852249
-1998097
-1903646
-1650060
-1441794
-1201907
-1185839
-737892
-474109
-293550
64272
24308
286752
753960
935961
1243004
1527902
1543146
1813933
1918066
2197402
2342426
2000775
1953498
2122830
2146726
1806517
1711139
1620705
1384629
979633
724502
503773
447535
50058
-171186
-438574
-892289
-1121464
-1165239
-1172037
-1732872
-1812182
-2085338
-2220783
-1955455
-2120152
-2038576
-2021684
-1987797
-1550871
-1669115
-1681269
-1149583
-1136708
-1008370
-322287
-264195
50676
108768
175409
863243
985710
1122803
1706298
1803736
1993256
2208835
2173197
2054850
2145078
2193179
2003556
2035074
1811564
1840095
1418413
1184500
1088092
522931
508202
254822
-198275
-354526
-626858
-1051115
-743866
-1471561
-1587951
-1533155
-1920126
-1783445
-2138177
-1990063
-2000260
-1828662
-1917448
-1848438
-1676943
-1573119
-1241047
-1245476
-1103439
-690821
-678564
-387898
-61491
70143
523137
605434
754578
1505345
1571471
1527799
1946391
2138383
2052378
1929808
2243134
2130555
1942580
1975128
1825160
1706504
1497620
1209220
806284
969539
433012
53354
-108562
-300760
-384808
-922571
-1433142
-1413263
-1491749
-1832267
-1922495
-1788389
-1920641
-1977188
-1972038
-1931456
-1934031
-1855133
-1731121
-1557669
-1179453
-1222198
-875500
-699679
-606464
-218257
-217227
206515
703181
603168
910211
1061106
1250111
1724529
1728237
1827529
2060515
2117165
1968330
2117474
2088737
1941859
1669321
1576827
1638421
1542425
1083045
727798
491619
155530
80752
-422300
-422300
-904237
-1113430
-1281629
-1661699
-1752339
-1895921
-1978733
-2238396
-2060824
-2043829
-1999539
-1981205
-1952468
-1673956
-1686316
-1393796
-1009812
-865509
-696692
-695765
-329806
261620
387074
417459
807623
975616
1159059
1540159
1657785
1734005
1756047
2057425
2157335
2134984
2277948
1896951
1581565
1811255
1613083
1656549
1454051
859741
814730
519017
186945
-78280
-142552
-621811
-1009709
-1052969
-1499474
-1552416
-1789419
-1966682
-1852146
-1957412
-2031984
-2020551
-1984295
-1966888
-1853176
-1791994
-1487938
-1386792
-1382260
-1214473
-690409
-592353
-150174
-14008
-24720
444754
848102
975719
1132382
1734520
1429228
1734005
2187205
1842464
2212646
2307303
1878926
1785814
1955764
1897672
1546236
1574458
1242798
756020
670015
390267
314768
113300
-314356
-563616
-837287
-1196654
-1399049
-1723705
-1764081
-1678591
-1946803
-2017873
-1924658
-2325740
-2017049
-1723705
-1823821
-1546545
-1540571
-1473209
-1224773
-994774
-925249
-723678
-456805
21012
88580
412000
529111
958003
1385247
1583728
1637700
1821452
2079776
1825469
2224285
2079261
2288866
1994183
1874909
2064017
1788080
1583934
1162870
659097
568766
625210
90537
174173
-61388
-617073
-769307
-1263398
-1478668
-1442309
-1713817
-1715465
-1845245
-1989445
-2173094
-2062472
-1962047
-2050009
-2031778
-1569926
-1319224
-1658815
-1345695
-907739
-922056
-445887
-194052
-129368
365032
183134
644059
889199
1391530
1456008
1588466
1878102
1687552
2207908
2259717
1928469
2051348
2059794
2045374
2053511
1700633
1721439
1131661
839141
699370
430128
445887
152852
-326304
-513661
-1167917
-1354141
-1278642
-1701148
-1680960
-1946906
-1760888
-1892522
-2000054
-2113663
-2109337
-1814860
-1821452
-1665510
-1352596
-1369076
-1207263
-1036695
-766526
-272641
-416841
-170774
69010
211562
794336
932459
1252480
1663656
1562098
1939696
2115826
1927645
2202449
1998097
1985840
2099346
2012105
1961017
1797247
1435820
1160707
987667
639218
495121
475551
-38522
-325686
-486881
-969951
-1126408
-1342708
-1428095
-1507611
-1663553
-1921053
-1745953
-1830619
-1897569
-1956588
-1789110
-1695174
-1695380
-1424078
-1219932
-1143197
-981899
-700606
-550123
-280675
42230
337737
605331
1072230
1316443
1595882
1678282
1907766
1886857
2436465
2295870
2479210
2377961
2101612
2279699
1287191
1960399
954707
1355892
719970
563925
592044
253586
72409
292623
-609039
-82812
-1494118
-682066
-1678488
-1720924
-1677252
-1993256
-1929911
-2346855
-2450164
-2361893
-2830646
-2343559
-2553370
-2195651
-1717319
-1494839
-1418619
-938227
-703284
-401597
-357925
-224540
-9476
303232
370388
692057
752312
1124451
1454566
1663244
1782724
1991608
1827014
1970184
1912813
2037649
2104805
1886342
1680960
1611744
1117962
819777
722854
452273
229896
-243492
-367092
-855209
-809992
-1344253
-1375050
-1788904
-1521310
-1806826
-1727928
-2122624
-2121697
-1883767
-1799513
-1698264
-1364544
-1652841
-1478153
-1587539
-1334159
-1091594
-806490
-419519
-448977
45732
250290
438471
694735
820704
1022893
1199332
1590526
1715053
2117886
2156202
2010663
2238705
2216972
2204200
2462421
2000466
2134778
1797865
1468059
1395135
1177908
618206
577830
186121
29355
-671457
-928854
-1130425
-1287088
-1218799
-1587127
-1591865
-1668703
-2210895
-1841743
-1945979
-1898702
-1819186
-2016534
-1847099
-1739361
-1685801
-1025777
-912786
-865921
-771470
-521283
-149762
30488
605640
576903
1009400
1145257
1179762
1676428
1676840
1912607
2194106
2155584
2111603
2165781
2064326
1869450
1597839
1774793
1415941
1166784
897336
721721
487808
389958
59843
-350921
-478950
-655286
-958209
-1224052
-1626782
-1869656
-1693114
-1954322
-1743584
-1776750
-2082454
-1983059
