-1987900
1832576
1747910
2093990
2167841
2115517
2055262
2195960
2150125
1986870
1787874
1495766
1526460
1420164
1090049
776105
419416
220008
-17098
-106502
-415914
-786508
-1102615
-1412645
-1351154
-1600002
-1521928
-1809710
-2077098
-1911268
-2069064
-1876557
-1682093
-1886033
-1576003
-1473209
-1430155
-1115181
-1015374
-870659
-424772
-84151
-20703
94039
105575
646119
896100
1156793
1590835
1730400
1825057
1688273
1716701
2109955
2182673
2049288
1925894
1905603
1744511
1848129
1442103
1179247
1001572
452479
571856
486675
-85181
-166139
-465251
-887448
-950175
-1379170
-1578784
-1605049
-1748425
-1875321
-1899526
-2004586
-1798380
-1885724
-2003659
-1705165
-1623589
-1572089
-1518117
-1119919
-979118
-685259
-645192
-435587
-38831
80237
111549
436205
1019494
1368355
1635022
1608242
1803736
1927748
2032705
2018903
2188441
2179892
2097389
2090385
1834018
1884694
1599796
1235588
1123421
575667
526639
401082
-5974
-205794
-674650
-874161
-1243416
-1468883
-1388131
-1727825
-2017873
-1941447
-1918169
-2090282
-2028482
-2068652
-2019933
-1820525
-1862961
-1440764
-1316031
-1452197
-1018155
-993950
-625107
-407262
-327746
204043
560114
573092
1011975
1402654
1525224
1911474
1936194
1852764
2053614
2082969
2298033
2151258
2344177
2374871
1801676
1692496
1354656
1281114
1161119
572371
509541
551668
-32239
-597709
-729652
-902177
-1406362
-1222404
-1395135
-1796011
-1785299
-2020345
-1818877
-1973583
-2089458
-2247048
-1861931
-1716907
-1691157
-1539953
-1547575
-1243931
-1051012
-951102
-667749
-231338
-138638
228042
429922
452067
787023
1094272
1365986
1680239
1678179
1785299
1787977
1954631
2144048
2145078
1921671
2064841
2006852
1718658
1623898
1195212
1111679
1058531
589778
337737
-103721
-375641
-509438
-763642
-924837
-1291208
-1475578
-1576827
-1724941
-1796423
-1941344
-2138280
-1969154
-1870171
-1909311
-1699809
-1726589
-1526563
-1430361
-1177599
-1141034
-807417
-497284
-574431
-221862
80752
372860
396653
749119
1238884
1353935
1587745
1743687
1952983
1954219
1717422
1885930
1944022
2078128
2127053
1663965
1759755
1633065
1136605
1199744
1083766
458247
331660
-63654
-355968
-427656
-790525
-1111782
-1182543
-1677973
-1616791
-1522752
-1897260
-2015298
-2109543
-2032911
-1959678
-1664480
-1677870
-1651090
-1615246
-1206748
-1148759
-1024953
-813494
-663835
-328158
-99704
48204
313120
609348
1049261
1276582
1394826
1760785
1689509
1944949
2094608
1951644
2130555
2068961
2018800
2045992
1777162
1601238
1569308
1134236
1030824
875191
430746
112888
6180
-446196
-565058
-1018773
-1402448
-1349918
-1683947
-1591247
-1765935
-2025289
-1899732
-1976158
-1855030
-1888402
-1949893
-1644189
-1475063
-1515233
-1336322
-1264016
-1288118
-717395
-551256
-325171
75087
205279
423845
907224
947909
1257836
1565188
1546133
1817435
2001805
1973480
1954734
2220268
2041151
1999230
1919508
1739670
1637700
1549944
1328082
1108486
739437
691954
109077
-158517
-60873
-786096
-819468
-1200877
-1419443
-1552519
-1770982
-1664686
-1806208
-1953395
-1904161
-2019315
-2006852
-1786020
-1780046
-1624104
-1413160
-1584758
-1298006
-1127129
-896821
-489868
-382954
-113403
-177263
244007
664659
768174
1277715
1476299
1615864
1856472
1842258
2093887
1932177
1875527
2078128
1836490
1813624
1741936
1750588
1815169
1549223
1008576
816996
619957
275525
85696
-110622
-620884
-978809
-1127644
-1121670
-1428507
-1493397
-1762742
-2016740
-1993359
-2188235
-1900968
-2001084
-1920126
-1708873
-1543867
-1462085
-1527490
-1435202
-1160398
-775693
-609966
-417665
-141419
-100013
301584
720897
953368
1105087
1498444
1525430
1626782
1800852
1951232
2321414
2080497
2013341
1935164
2029306
1907766
1761609
1647485
1262265
966758
927309
637570
466281
155530
-330218
-525197
-985195
-1063784
-1326022
-1745541
-1671587
-1755429
-1886033
-1957927
-2136426
-1951232
-1957103
-1916727
-1721233
-1731533
-1626679
-1578475
-1145669
-973659
-891362
-516545
-376053
-111240
199614
426832
454745
1036901
1151643
1235382
1508229
1720821
1833503
1973171
2109028
2043520
2208217
1971111
1823306
1848850
1838962
1607006
1335704
929884
722957
753342
333617
-55105
-175409
-602447
-844806
-1112091
-1545412
-1449828
-1679312
-1844730
-1775308
-1801470
-1952880
-2049185
-1872231
-1996655
-1546854
-1804354
-1719688
-1238884
-1307379
-994465
-805254
-672487
-588748
75396
21630
367710
700400
851501
1179144
1425417
1690745
1653047
1947215
1930735
2069270
2228714
1991917
2076377
2056086
1842670
1789110
1397298
1385144
1066668
860565
425596
123188
67877
-276555
-612232
-960166
-917112
-1295019
-1497826
-1700324
-1918478
-1904882
-2109852
-2051245
-1774381
-1909002
-2228714
-1926100
-1774999
-1437571
-1195212
-1201804
-1057295
-714717
-465045
-569590
-177057
-30591
457835
876942
998997
1248360
1570235
1750073
1860901
1959369
2002320
2117886
2085441
2182879
2060618
2145490
1551901
1369797
1564364
1271638
1063372
993435
695250
402627
-86829
-579581
-431570
-819468
-933901
-1137326
-1736889
-1670660
-1952983
-2028070
-1797762
-2046404
-1961223
-1987385
-1986149
-1899938
-1648824
-1718040
-1324786
-1013108
-865921
-800104
-739849
-337016
140698
280984
378010
852325
902074
1441073
1397401
1581668
2034868
2001805
1761197
2083381
2040842
2136014
2065871
1854103
1886239
1538099
1286573
1140931
1143300
962741
663423
184473
6180
-353084
-400155
-763745
-939360
-1223743
-1685389
-1554167
-1704547
-1815375
-1951335
-1959987
-2069373
-1903028
-1886136
-1836490
-1592895
-1570132
-1402448
-1020318
-1171419
-920717
-682684
-436308
49131
307249
657655
572680
933077
1156690
1490101
1636155
1761403
1768407
2091621
2033014
1982338
2156511
2138795
1773454
1783960
1540056
1570544
1713096
978088
800001
522004
112682
42436
-237106
-527978
-732948
-1112503
-1196345
-1539232
-1735756
-1818156
-1983162
-1906942
-1964931
-1859871
-1809813
-1841949
-1979454
-1562510
-1466514
-1381127
-1071097
-1011048
-863758
-546415
-385735
-124836
312914
416532
688761
1047304
1175951
1492470
1372166
1743172
1811976
1761300
2359936
2216457
2052996
2000466
1793848
1760888
1910547
1298109
1361454
1039270
795263
615116
21321
-97747
-435587
-813288
-766011
-1194182
-1300581
-1394723
-2024774
-1823821
-1907457
-1963489
-1804251
-1849365
-2027246
-1808474
-1872952
-1792612
-1320563
-1356098
-878178
-1121773
-708022
-370079
-469371
-140492
-76220
296022
735214
888993
1251450
1470634
1406877
1783651
2072257
2111294
2035486
2052172
2034559
2044859
1938460
1632756
1639142
1589496
1291826
928957
696898
607803
360912
95584
-410043
-602962
-881783
-1028352
-1227451
-1349094
-1664274
-1779634
-1914358
-1874188
-1937121
-1978321
-1977703
-2045786
-1891492
-1615864
-1403478
-1387204
-1243725
-919687
-1114460
-587615
-460410
-133591
217021
132046
737480
1041845
1048746
1240635
1832782
1623589
2069167
2024877
2024259
2256112
1852867
2129525
2083381
1876042
1686728
1622868
1241562
1052145
863861
726974
597812
22557
-255543
-300039
-786817
-962432
-1117138
-1572707
-1728237
-1870583
-1813315
-1746365
-1963077
-2040224
-1704238
-1859562
-1812388
-1594440
-1537996
-1442206
-1218490
-1304289
-810507
-716674
-600181
-236591
197142
200541
310545
879517
1051836
1284204
1258557
1447047
1949996
1953189
1891801
2249005
1995316
1909826
2131894
1821349
1627297
1500813
1343017
1233734
854076
677843
347110
31312
-63860
-427862
-578242
-715747
-1227348
-1306761
-1670145
-1854103
-1739155
-1853897
-1625855
-1867081
-1956176
-1692290
-1804560
-1774896
-1551798
-1404096
-1353008
-1096229
-821734
-621605
-533952
-183649
86417
328467
569899
806696
998997
1316340
1404508
1692805
2020345
2094814
2120564
2126229
2115105
1888814
2017770
1730709
1407701
1681990
1259690
1110340
1043905
657964
115257
27913
-234943
-691645
-650548
-1137841
-1188826
-1591453
-1695483
-1907869
-2070918
-1890462
-2007264
-1981411
-1831031
-1896333
-1756459
-1464557
-1499371
-1383187
-1055647
-1169874
-641381
-547754
-468547
13287
21939
451449
959033
850265
1133206
1457553
1398225
1804148
1813212
2010869
2142091
2010045
1966682
2067828
1898599
1757283
1658403
1306761
1282762
1006722
810301
389340
189005
-164903
-282117
-654462
-909490
-817408
-1254849
-1564570
-1781076
-1826190
-1996964
-2015607
-1890153
-2020757
-1713096
-1948554
-1805796
-1465278
-1544382
-1361042
-1203967
-834815
-719764
-703696
-513043
-187048
141110
426626
636437
900529
987976
1329936
1482067
1619881
2028791
2085441
1933310
2266824
2080497
1869965
1945361
1801882
1829074
1387822
1087268
1083457
867260
601829
382748
-61182
-391194
-600078
-849853
-869114
-1249493
-1699912
-1967506
-1874703
-1913431
-1985531
-1840610
-1932486
-2020448
-1850910
-1901689
-1825881
-1593925
-1431597
-1063269
-930914
-1031545
-543634
-473079
-221141
190962
245140
602035
1050703
1050703
1415632
1456008
1507199
1981205
2031572
2022302
2108822
1956897
1818053
2090385
2051966
1715568
1399358
1138974
1077483
933489
657758
294992
-140801
-307661
-679388
-839553
-1055338
-1276273
-1521104
-2031366
-1691569
-1898599
-1926409
-1816405
-2093269
-1913740
-1956794
-1845142
-1571780
-1405950
-1450652
-1214370
-1086341
-800722
-647767
-414678
-157899
198069
612953
694632
1014653
1109516
1290281
1556021
1913019
1994595
1972965
1953086
1847408
2067416
2098213
2052893
1939902
1733490
1311602
1229820
993641
752724
812567
384396
-31209
-367298
-875294
-688555
-1087474
-1433245
-1454875
-1596397
-1640584
-2082660
-1881089
-1974613
-2032499
-1954322
-1976982
-1788080
-1446223
-1337352
-1186354
-1053175
-997761
-965110
-765805
-289018
-161504
314562
457526
702975
822661
1197890
1316752
1499371
1865433
2055777
2133954
2101200
2009633
2065871
2038576
1836490
2013856
1603401
1309645
1122082
1241047
889405
562998
232265
13493
12051
-569075
-854488
-1099525
-1330554
-1632962
-1592998
-1603401
-1821349
-2105526
-2076068
-2032396
-2106453
-1935061
-1861622
-1577136
-1351360
-1255261
-1096229
-1159780
-894246
-656213
-273877
-100322
119480
576182
654565
808962
1112091
1166578
1366295
1765111
1716907
2257863
2176596
1731636
2100479
2067931
1747189
1855030
1638730
1519044
1351463
826781
897954
746441
356998
277894
-345771
-576800
-697104
-1166887
-1203349
-1216842
-1455905
-1613495
-1926821
-1896539
-2058764
-2263528
-1932795
-1909517
-1677149
-1424593
-1536451
-1352287
-1099216
-814112
-761273
-528184
-235458
-151204
332793
285104
550844
1032575
887448
1198405
1447356
1652120
1975952
2083896
2154039
2062884
1873776
1617306
1904676
1869450
1786741
1490513
1179144
1100040
757977
346698
220626
183031
-355247
-515515
-917524
-1130425
-1097671
-1575694
-1661390
-1599796
-1743996
-2151052
-2038988
-1995007
-1938563
-1793745
-1911577
-1485672
-1458377
-1354965
-1539541
-1082633
-510674
-826678
-293447
-194670
204764
605434
866127
971702
1075011
1197890
1570750
1924246
2113354
2233040
2086677
1968536
1891080
1961120
1970802
1927851
1736889
1568587
1129601
783830
885697
493370
370903
62727
-422815
-541677
-743660
-1080779
-1328494
-1413263
-1905809
-1924555
-1754914
-2091106
-1821864
-1911268
-2028791
-1880471
-1829177
-1693011
-1654695
-1366707
-1302847
-1001469
-539308
-810198
-423021
151822
-12360
513764
721927
819468
1121773
1316134
1397710
1843391
1975025
1920744
2213264
1898393
2060309
2229023
1842464
1832782
1840816
1339515
1390706
1195624
643441
614910
42127
-159135
-172525
-566500
-872822
-1005177
-1291929
-1723396
-1536348
-1962356
-1915182
-1629872
-2009942
-1986973
-1859665
-1686419
-1881089
-1588054
-1548399
-1409967
-966243
-1048128
-743557
-659406
-440737
-351642
145230
381718
699061
919893
1073157
1509980
1450652
1622559
1708667
1946391
2157850
2009736
2162485
1845451
1763051
1969257
1714744
1643880
1361248
915567
714202
717807
343814
-28428
-351024
-468650
-531789
-1139695
-1298624
-1404096
-1430258
-1825057
-1909208
-1853382
-2136632
-1849777
-1860901
-1898805
-1903131
-1896745
-1675192
-1444678
-1231159
-1152055
-815142
-432291
-350818
64066
18128
262238
716468
867569
1150922
1555506
1492779
1729061
2001393
2069270
2373326
2009839
1873467
2126229
2079570
1884900
1685595
1603607
1359909
1092624
738819
489456
455363
101867
-155118
-341857
-850471
-1068934
-1215915
-1134133
-1602474
-1799204
-2090488
-2160837
-1944743
-2082351
-2078540
-1980484
-2021169
-1595985
-1551695
-1723705
-1171625
-1090152
-1127232
-300657
-268933
-33166
227836
94451
755711
1061518
990551
1668600
1786432
1860592
2274240
2097801
2118504
2140546
2145799
1943919
2039503
1861004
1742348
1469398
1155454
1181513
565367
394181
374508
-172628
-423124
-414884
-1123627
-794130
-1214267
-1783445
-1361763
-1974922
-1784887
-1949275
-2097183
-1984810
-1764390
-1953910
-1858532
-1609375
-1612465
-1262162
-1199538
-1116005
-717807
-609142
-538278
5253
42951
346183
770852
648797
1388543
1635949
1392045
1957721
2123963
1983677
1989754
2169592
2135087
1949687
1935267
1792200
1719482
1437880
1282762
786817
947188
544973
-4738
-20394
-310854
-331969
-814215
-1421812
-1320048
-1493397
-1874703
-1868523
-1781179
-1876145
-2007470
-1912298
-1903234
-1926615
-1864197
-1697955
-1623589
-1139489
-1197066
-951514
-595031
-624386
-222068
-226909
50161
758389
615940
842025
1104984
1175745
1673750
1698264
1808268
2018697
2076171
1949481
2130452
2090694
1937945
1669527
1519147
1585685
1499371
1208499
683920
613571
125351
121746
-368740
-472667
-752827
-1212928
-1179350
-1594131
-1665407
-1886651
-1993153
-2170313
-2075450
-2030130
-2031057
-1892007
-1976055
-1676428
-1674574
-1427786
-1027837
-866539
-710700
-605949
-400361
193640
389134
375435
809065
982620
1068007
1477947
1682711
1674883
1773454
1916727
2161455
2139413
2209556
1965343
1557875
1781591
1628739
1554991
1535627
915258
759728
583186
214755
-55311
-117317
-591117
-988800
-1021451
-1432524
-1543970
-1710933
-2000157
-1865330
-1904882
-2084308
-1982441
-1918993
-2039297
-1774072
-1804148
-1480110
-1343532
-1423151
-1296667
-681963
-556509
-268418
85078
-69216
387898
759728
995907
1072848
1665201
1477329
1604431
2206363
1809298
2079982
2382390
1832061
1804869
1868729
1872540
1660360
1462394
1316134
750149
594928
498417
292417
139462
-250908
-541162
-713893
-1239090
-1340957
-1638421
-1822173
-1649133
-1908075
-2050627
-1853588
-2252816
-2132409
-1675707
-1844627
-1522237
-1563849
-1445193
-1219829
-994568
-919069
-708846
-550947
-3296
111034
344638
530141
847175
1375668
1501534
1705268
1705268
2073390
1900350
2108822
2098831
2143739
2118710
1795702
2004689
1856369
1550253
1219829
758904
486675
637570
134827
93215
77765
-630257
-722648
-1071509
-1548708
-1419752
-1677355
-1747395
-1737095
-2028585
-2088840
-2093166
-1920023
-2022817
-2065562
-1644704
-1285852
-1595367
-1419855
-921129
-889096
-584319
-91052
-226394
342578
243698
523034
907945
1269784
1514718
1521207
1857193
1643365
2095535
2286600
1959575
1992947
2055777
1896024
2154966
1686213
1648515
1308924
743660
822867
410558
344638
280057
-359573
-441561
-977470
-1485775
-1145875
-1685286
-1698882
-1830516
-1899526
-1838241
-1975437
-2067107
-2081836
-1820628
-1758828
-1778810
-1384526
-1229820
-1326331
-975719
-820910
-266873
-305395
-345874
133694
150586
674032
1036695
1108280
1628121
1578681
1786535
2224285
1858944
2146108
2124375
1812285
2142297
1959060
1938666
1863167
1434069
1117962
1045656
677019
544046
443621
-6077
-332793
-405305
-863964
-1156793
-1271638
-1447974
-1490513
-1570235
-1972759
-1761403
-1752648
-1933310
-1857914
-1880986
-1660360
-1642644
-1544588
-1196860
-1108795
-1018155
-677122
-600387
-260796
2678
282838
569075
984783
1305834
1529550
1678488
1934958
1862446
2277536
2415041
2285982
2597660
2066798
2406080
1506169
1609169
1315001
876736
1006001
386456
749325
63036
262856
-5768
-222480
-565058
-872719
-1124142
-1192225
-1991093
-1412851
-2092651
-1732151
-2368073
-2248490
-2431109
-2553988
-2517011
-2513612
-2338203
-1765523
-1574767
-1421091
-1078719
-655492
-487087
-225158
-287164
64890
165624
341754
637364
787847
1021142
1442309
1728443
1738537
1999745
1831752
1998406
1805384
1935988
1989033
1886857
1522237
1741215
1084899
863758
713687
458556
188799
-205691
-423433
-743866
-946055
-1252892
-1361557
-1612877
-1543249
-1646867
-1745747
-1945567
-2117989
-1949378
-1798998
-1749970
-1362690
-1655622
-1545618
-1556021
-1371651
-1075011
-876324
-434557
-373684
-108768
334750
330836
682684
870247
934210
1193667
1500195
1696101
2076377
2144357
1953910
2212646
2252095
2156305
2416792
2048361
1997273
1941035
1367016
1430567
1265973
624695
549711
314768
6386
-373478
-1003838
-1021039
-1317267
-1181616
-1489895
-1634713
-1687861
-2106453
-1974922
-1844936
-2105114
-1692393
-2107689
-1911989
-1749249
-1794672
-1140416
-684641
-996010
-563513
-671148
-66744
-17201
523137
590396
931841
1073466
1199435
1563231
1803118
1792509
2195033
2086471
2076892
2145902
2006337
1874909
1624825
1606285
1590835
1121979
926176
744175
554758
356689
227115
-392018
-359367
-641175
-894658
-1191813
-1440764
-1926100
-1626370
-1903028
-1817847
-1633889
-2113457
-1965755
