-981760
1575538
1437506
1306299
1040595
1007228
764641
741204
665137
448952
83537
18135
-297619
-561071
-788930
-931010
-1043912
-1128497
-1165207
-1438473
-1559929
-1678387
-1605614
-1631410
-1522923
-1389521
-1519327
-1326190
-1337740
-1157161
-680523
-770520
-400330
-279177
-304143
-135962
195207
388047
824327
757987
897278
1199641
1256326
1373173
1295157
1617871
1487794
1633476
1569869
1676701
1317016
1434239
1508168
1027048
879203
642048
706145
480731
281912
-29554
-210695
-622053
-738097
-764887
-1047833
-1319177
-1324264
-1254039
-1340542
-1622922
-1493460
-1595150
-1657427
-1391368
-1338047
-1494107
-1235261
-936374
-852804
-736532
-685898
-337030
-33597
-51177
193230
471110
732989
981019
1223835
1180750
1335118
1199123
1324056
1602087
1687819
1699869
1545205
1394969
1377646
1272838
1074187
1201480
1005237
573562
439132
214431
72220
-435012
-414431
-505189
-728791
-931006
-1012764
-1197569
-1449934
-1306789
-1338334
-1374811
-1519835
-1516225
-1544272
-1561756
-1391805
-1264131
-1255953
-1162847
-935841
-519103
-358840
-243684
-143086
196843
365395
491591
743571
809976
1126549
1279395
1250935
1416095
1508914
1396905
1663615
1864612
1634744
1233841
1475922
1376766
1127150
1101132
1060782
771804
363254
235170
33461
-195959
-323735
-396520
-553223
-842540
-1137557
-1291722
-1226844
-1612654
-1739714
-1564629
-1632654
-1668415
-1793147
-1579536
-1245911
-1334255
-1289165
-1306183
-1099320
-702737
-364652
-155631
-29132
127159
220432
410733
687355
700383
1197057
1422855
1550922
1508580
1568148
1578797
1632052
1695501
1738406
1659625
1463591
1504004
1431716
1018006
772905
811019
627760
351803
46616
-154021
-345555
-582200
-644641
-833139
-1061637
-1267139
-1253968
-1578823
-1658543
-1595036
-1690881
-1603939
-1564695
-1812856
-1602155
-1359575
-1216825
-1079093
-855905
-619968
-545021
-480418
-163320
128828
377437
687630
863219
761601
962492
1063895
1458941
1565019
1745860
1454726
1774237
1451556
1515075
1426586
1440164
1388868
1267499
934720
877334
884931
643551
684600
231132
-153552
-625765
-676353
-736094
-900796
-1161094
-1109528
-1418945
-1464180
-1413905
-1536764
-1864089
-1433413
-1524550
-1602004
-1334913
-1293582
-1345864
-1061059
-977578
-801514
-283201
-412166
-156388
27479
326620
593332
611804
739577
1006159
1144348
1155680
1571923
1590491
1451481
1605248
1556868
1641886
1652045
1223548
1457270
1273572
1140145
969182
459575
470695
587030
146486
-676
-128732
-504868
-738318
-1008468
-1017721
-1232709
-1397294
-1532516
-1624377
-1497626
-1415563
-1572479
-1765687
-1697527
-1571608
-1322696
-1258999
-1084413
-847952
-600081
-601376
-166998
-208506
-110552
318477
549286
759275
887631
1060242
1316209
1453288
1328999
1567012
1599581
1499098
1606275
1646463
1518110
1549116
1219223
1277794
966302
873088
695846
717297
302729
104372
-191328
-362401
-479693
-865346
-1008225
-971590
-1208351
-1424139
-1419933
-1589616
-1558222
-1792072
-1754933
-1432695
-1280216
-1278268
-1071000
-1192005
-1011155
-923976
-891599
-407634
-299960
-80052
85926
469771
514642
705523
653629
932301
1070084
1216081
1520428
1673219
1531510
1510572
1423387
1327029
1501651
1451700
1526563
1353712
1081483
728975
501814
385065
285730
246847
-44383
-276274
-400664
-529527
-868718
-950532
-1067752
-1318374
-1394909
-1267603
-1385792
-1460719
-1460373
-1523578
-1491296
-1433114
-1261523
-1075977
-1131382
-851972
-493540
-501495
-210490
-171208
11676
368595
417414
684723
662567
789191
1162846
1458376
1241694
1415871
1259202
1495560
1427097
1514923
1497786
1193995
1145394
1129510
880188
848840
827313
512492
240805
32584
-113860
-366246
-519234
-641946
-796780
-1101082
-1269116
-1257113
-1365608
-1461217
-1428807
-1450608
-1454431
-1509309
-1243925
-1156237
-1271200
-1245213
-938021
-785178
-637859
-653933
-134357
3548
113059
297061
460721
689865
819005
848217
1219737
1167540
1313998
1379693
1401933
1520690
1579528
1535607
1531068
1358481
1221307
1065750
1207876
886664
613028
377097
269179
-49614
36816
71308
-513325
-726622
-1000510
-1017939
-1166839
-1097673
-1412547
-1503390
-1814383
-1576361
-1459329
-1344991
-1455922
-1457665
-1326823
-1109605
-1175189
-801510
-713372
-457893
-122573
-38006
142351
399981
423556
516713
1027714
968892
1029262
1097728
1504026
1518530
1402705
1531534
1540075
1443471
1389551
1433765
1361638
1379144
1089511
825002
685550
577442
182372
222253
19410
-193136
-537361
-787815
-837015
-928097
-1106191
-1322464
-1379735
-1529270
-1436988
-1505676
-1672725
-1746096
-1504579
-1208275
-1114672
-1055712
-995351
-851101
-877958
-592786
-229594
-158838
-52291
353852
391761
693649
888668
1026792
1163010
1285924
1158399
1331178
1508151
1615775
1570490
1334002
1396911
1430997
1314142
1121166
1050685
791493
816332
679864
276781
-1788
-90524
-293897
-311101
-667455
-711558
-907327
-1113976
-1212208
-1475524
-1539528
-1420396
-1511351
-1341646
-1322186
-1407201
-1293637
-1225471
-1137610
-938823
-1183236
-756724
-335863
-249766
-132424
333312
88440
383781
693110
714441
958346
1166757
1200679
1266108
1281402
1254173
1455636
1283578
1578526
1505077
1447965
1342548
1149512
938044
922362
687065
372277
212160
154238
-70381
-486893
-524929
-535921
-807368
-1136909
-960186
-1209613
-1361017
-1458491
-1468945
-1632414
-1380566
-1591158
-1201836
-1261641
-1107583
-1037312
-1102873
-916762
-522371
-586587
-221195
-102048
105980
239599
412130
704952
879626
1108222
1259023
1141653
1266234
1338487
1396460
1405370
1539126
1542442
1414470
1232641
1134307
1294344
1058706
876833
557286
445834
274139
180594
-118524
-253118
-582999
-660664
-703839
-911073
-1063802
-1096672
-1336602
-1406207
-1438915
-1689044
-1397053
-1363171
-1428796
-1372062
-1147782
-1154778
-1010573
-857746
-659929
-495841
-368212
-132679
69945
381568
408922
679664
692325
863616
1158935
1280449
1441197
1491357
1553847
1541921
1423221
1487143
1528066
1422639
1194658
1105968
880601
810301
678802
491975
256107
-2268
-214356
-414153
-617047
-694516
-777535
-1065480
-1026950
-1165464
-1313762
-1249106
-1360969
-1350587
-1566470
-1621335
-1542745
-1381421
-1318596
-1018659
-1006287
-899732
-546070
-461939
-237051
-9230
79419
508114
436676
639878
939416
1180757
1169109
1343535
1179994
1514338
1499202
1503739
1531947
1525016
1440070
1367198
1365231
1238144
1092569
746252
707457
663818
384529
289978
96671
-350269
-571626
-916516
-1037044
-1171518
-1172551
-1267696
-1207669
-1422249
-1530508
-1620361
-1692291
-1557517
-1453686
-1359309
-1364407
-1350976
-1091204
-692294
-687810
-359134
-317906
23917
331626
255561
314178
594636
893115
905046
1114528
1382920
1382303
1357166
1394992
1352686
1432793
1498434
1406555
1404567
1446580
1224651
1184134
1009197
601698
501305
297987
185879
147128
82542
-432932
-491823
-853291
-995683
-1007881
-1179294
-1486078
-1361233
-1624539
-1668652
-1640169
-1528008
-1427334
-1324232
-1125022
-1154285
-1112240
-936928
-762317
-471240
-288663
-159724
-97376
-2420
399516
565523
598766
808261
1047922
1236963
1423804
1382854
1546237
1472104
1435500
1448637
1480796
1365272
1384817
1215672
1072931
769760
688810
571318
431761
45476
-37754
-262429
-631941
-788416
-1105680
-1123953
-1129647
-1241349
-1362086
-1248432
-1457431
-1441373
-1507837
-1443013
-1307669
-1194229
-1055804
-974419
-913052
-917164
-651260
-520317
-418301
-36218
35826
422534
618610
708935
771488
875786
1104935
1463856
1486701
1378416
1559936
1515217
1419048
1529427
1264496
1343814
1165282
1208020
987880
774399
499673
656732
156532
-123279
-63824
-331457
-510056
-598218
-806913
-1130166
-1066276
-1202514
-1293959
-1605649
-1517789
-1292388
-1367734
-1435711
-1378176
-1235880
-1288145
-1245244
-940500
-815537
-730173
-592492
-152988
-234089
32044
205416
424167
638739
1049853
1167605
1115718
1219366
1281009
1458925
1328915
1365720
1573138
1592986
1562391
1455192
1201015
1067092
1112754
848738
828586
634925
293144
114348
-141858
-266937
-521728
-659033
-911816
-1012761
-1202421
-1305514
-1253659
-1258858
-1651880
-1690655
-1583544
-1440583
-1459575
-1374357
-1441101
-1225357
-1038855
-909105
-523562
-353938
-336062
-113581
159624
235557
398864
802847
936429
1004315
1344032
1424964
1360790
1491744
1593098
1508560
1670480
1596772
1455001
1557167
1169105
1236218
1086475
875967
781036
717460
63981
163461
-215991
-382973
-579774
-702583
-1020321
-1257245
-1102595
-1349333
-1565024
-1658369
-1547334
-1461337
-1604127
-1567259
-1298580
-1386997
-1472348
-1248760
-1015040
-726012
-717707
-483260
-205993
-44944
165862
307626
657732
767004
806390
1027940
997334
1192684
1423267
1613653
1608568
1561028
1723605
1591139
1561961
1503162
1225618
1205293
972682
853571
986163
581538
212275
124753
-311742
-237944
-490875
-739135
-801909
-1008547
-1349712
-1483867
-1260710
-1525180
-1766978
-1761698
-1555651
-1551805
-1480775
-1510859
-1193554
-1138345
-1142502
-805882
-806848
-709245
-564887
-181362
62564
275229
580235
786548
814692
1019393
1038316
1249702
1315821
1593356
1665018
1595951
1653580
1473234
1305094
1567975
1342319
1179499
1021051
829127
945466
473942
346308
100098
-124378
-300491
-317238
-489872
-780588
-1051500
-1081004
-1178648
-1461760
-1499142
-1441687
-1465439
-1577556
-1364907
-1432957
-1450894
-1222869
-1131623
-1010485
-667042
-749088
-640109
-314911
-164800
-13964
235774
619425
725069
692053
1074616
1088117
1106024
1439569
1553473
1432092
1390293
1496091
1229084
1353742
1348137
1324429
1419747
1067430
795315
676114
474744
143678
217684
-125463
-295279
-521555
-799547
-1003754
-1010223
-992676
-1417651
-1407086
-1243010
-1493178
-1639276
-1337332
-1558129
-1519106
-1366745
-1228394
-1302460
-1021573
-779992
-360297
-269997
-140700
133021
251573
297870
596786
739257
917263
1175527
1182975
1378135
1574094
1468502
1338643
1500136
1461928
1368446
1337447
1444444
1384331
1048850
855666
693810
673517
405923
272449
90872
-255083
-449292
-595869
-791916
-1076204
-1130968
-1173454
-1377455
-1280471
-1594634
-1661896
-1401429
-1378890
-1607209
-1432653
-1483414
-1240217
-1077898
-893198
-699985
-484500
-631865
-349203
-35145
227812
266032
573335
790209
941113
1125542
1372300
1344677
1305865
1531441
1438694
1726583
1687388
1741054
1382945
1283249
1183284
1137603
806329
781182
862335
433597
368833
74604
-337950
-487164
-651985
-767449
-682212
-953144
-1195964
-1215778
-1585045
-1598324
-1508409
-1423985
-1587083
-1488249
-1473763
-1333896
-1221285
-1300120
-1315969
-947440
-530149
-485564
-322473
-192737
32942
135722
418442
826319
1038186
981611
1152267
1408630
1334771
1404608
1819340
1558694
1588976
1611390
1601897
1256773
1188572
1138835
982864
957328
679187
383328
337681
-30752
37420
-275745
-492415
-630179
-1063382
-1121444
-1011171
-1307968
-1519792
-1437335
-1662543
-1476180
-1718288
-1740462
-1525402
-1451992
-1383758
-972589
-1061975
-919141
-768405
-588815
-291631
-84291
196583
430527
585466
825819
1071438
951459
1210639
1411747
1501063
1617624
1625498
1474988
1574800
1439648
1587368
1587486
1308556
1265940
1138354
749599
594195
628603
236830
121689
-135038
-300885
-680033
-684325
-756202
-1071798
-1233115
-1285236
-1324887
-1807654
-1765193
-1562073
-1644939
-1411322
-1449822
-1455133
-1074299
-1189664
-1157119
-828217
-645516
-426301
-40729
55004
338901
344380
454378
681186
1022919
1078090
1325734
1304741
1326397
1401411
1416200
1487339
1475438
1629466
1552891
1311021
1292845
1225567
863514
943704
858605
373740
136303
76318
8789
-299701
-513888
-604905
-1005703
-1320373
-1295475
-1237445
-1420414
-1611473
-1587644
-1693914
-1570131
-1436988
-1350636
-1357639
-1009786
-1095966
-1023289
-877324
-604017
-513247
-380848
-211074
65592
235096
481547
931401
983247
1047839
1063503
1277765
1350993
1542956
1588360
1677942
1546569
1489028
1372694
1331319
1389540
1249571
1150922
987974
557589
508529
149907
-104904
-115611
-271309
-571547
-617494
-968706
-1053828
-1309827
-1515043
-1326154
-1656585
-1468014
-1491211
-1604205
-1592825
-1264415
-1404660
-1268689
-1064102
-975500
-795925
-636108
-530622
-222413
-245482
61084
590412
630612
653647
809879
1083980
1216632
1282652
1346399
1455011
1380777
1731056
1662093
1394202
1716120
1602502
1392515
1207121
1107397
761950
854921
529329
270168
-6769
-260608
-638616
-452586
-718515
-816363
-1053303
-1420263
-1355642
-1525052
-1622290
-1648572
-1562659
-1581636
-1451459
-1524585
-1312855
-1250959
-1133190
-930524
-793514
-639178
-595947
-592267
-158674
148025
358967
655851
828099
730646
1058629
1264379
1416385
1523356
1434434
1564699
1558556
1455830
1621260
1644902
1237837
1382694
1090405
938232
887438
589233
383273
275667
54705
-46694
-339960
-687127
-730979
-847569
-1023818
-1166173
-1463367
-1370260
-1448357
-1657140
-1496345
-1372451
-1628523
-1429852
-1381734
-1243477
-781165
-790838
-741381
-420643
-420208
-314108
-121454
147417
362391
574027
673373
1015018
1064151
1207117
1236673
1440034
1681722
1454805
1441684
1496548
1475565
1282713
1494684
1269254
1285611
920342
800349
395012
350827
161153
99453
74065
-398576
-551488
-812156
-948505
-1087445
-1171817
-1439858
-1451826
-1494113
-1618586
-1689397
-1540870
-1571154
-1486146
-1276493
-1334953
-1261590
-1100156
-670166
-449516
-366885
-173008
-64523
56837
395350
616958
849834
868138
1048848
1366920
1376634
1506321
1610978
1655997
1568075
1527939
1223297
1549707
1501974
1389263
1004933
1032683
890589
692408
374275
322430
214678
-250092
-324237
-366014
-899465
-1111603
-1195268
-1379634
-1431073
-1610563
-1632254
-1602343
-1587411
-1540977
-1453341
-1474132
-1437152
-1249336
-1081400
-904508
-815125
-463538
-401521
-90672
118123
161428
536065
534623
756806
851882
1011642
1223982
1423033
1566275
1579548
1514523
1617898
1464652
1404466
1406070
1294395
1180333
1189964
1121107
781082
685019
509799
212169
60127
-323776
-504009
-531379
-765434
-870765
-1192843
-1525905
-1569927
-1519711
-1473501
-1417218
-1585389
-1641947
-1554051
-1434453
-1178742
-1256830
-912148
-947573
-725249
-705929
-590643
-323882
127453
291158
397066
441449
670252
788914
1026441
1264220
1388658
1234960
1369033
1392210
1717688
1614767
1473514
1597518
1473667
1215767
1223514
1072213
893746
883261
567065
177132
162454
-110798
-499080
-468539
-609034
-1062944
-1079582
-1225410
-1403956
-1480937
-1348540
-1535040
-1735580
-1516720
-1625887
-1305689
-1114473
-1310905
-1357569
-1055251
-943755
-574183
-442689
-539939
-21993
146945
280439
556733
688593
833813
1075591
1092684
1241903
1453159
1462302
1699491
1670820
1675376
1714315
1518834
1250648
1408984
1124524
1121026
1097674
738300
381953
282979
32792
-102500
-358223
-728420
-689483
-888878
-1050266
-1215354
-1468093
-1508426
-1437778
-1474946
-1496846
-1627152
-1660417
-1469022
-1262483
-1287497
-1137380
-1070561
-825238
-612081
-724439
-360582
-147402
87208
312005
638623
741705
1168847
928064
1207935
1128491
1296617
1347075
1698983
1480511
1741379
1787734
1562260
1399781
1274586
1108478
846359
781944
587400
680297
272990
-59980
-59780
-270221
-554156
-686840
-901685
-1060399
-1233861
-1135358
-1455332
-1544306
-1509606
-1310685
-1448781
-1593484
-1476722
-1369550
-1493862
-1251360
-983327
-799039
-623102
-447018
-381011
-152789
72462
366429
385353
616841
947318
1004690
1059184
1202719
1433588
1415949
1486160
1609042
1609670
1467289
1527678
1480428
1220215
1065490
1026664
881211
715047
407360
436670
147465
-238857
-352708
-320465
-782698
-793818
-1060457
-1210944
-1285276
-1329751
-1495117
-1459174
-1504748
-1574445
-1522108
-1342971
-1336375
-1294235
-1201173
-1106747
-815508
-596256
-473047
-221998
-77890
-6873
453984
485825
543389
760003
1196734
1071324
1268705
1287942
1442481
1518737
1581800
1671558
1448562
1303738
1228418
1339404
1187097
1125232
924415
718230
276390
98804
146104
-153154
-336167
-389214
-796974
-861837
-930596
-1278562
-1422326
-1454296
-1581431
-1582846
-1507101
-1387077
-1312211
-1500835
-1397900
-1371745
-1273426
-996870
-754725
-647224
-233329
-409333
-104659
-12462
83555
563473
876964
913889
1140082
1236015
1131088
1350494
1335769
1439286
1555534
1636568
1556880
1367178
1305739
1184300
1011803
1073816
1038453
667662
620604
287409
60781
-211410
-457728
-525720
-648968
-888969
-986228
-1257916
-1394154
-1376416
-1409112
-1462836
-1443777
-1547137
-1444300
-1323428
-1583090
-1359737
-1269411
-991496
-815687
-681812
-492064
-187276
-68837
72603
389666
487115
831199
963418
1084924
1156728
1471026
1441919
1590815
1586028
1491995
1265077
1329130
1454016
1496999
1361256
1161146
1040596
960853
499735
392738
332754
7554
-211031
-340773
-430476
-890007
-744938
-1213528
-1362627
-1428613
-1309695
-1640543
-1665934
-1476267
-1620927
-1618985
-1688027
-1481261
-1284320
-1220932
-1234551
-973920
-859497
