-853769
957863
1038522
1067363
1015073
1095397
879503
907220
756477
592689
507817
494699
408814
334300
106115
4574
-118218
-423180
-485600
-714341
-733741
-778340
-781125
-854949
-1108829
-1035254
-1086423
-1059763
-997617
-857656
-950839
-928811
-806009
-807671
-423060
-390145
-338241
-119984
-105737
-109788
38113
238925
492167
595155
544235
788864
828360
913243
850275
1008876
1023776
965203
1122422
1066628
945602
814487
1050019
806163
625185
403844
426027
359767
120899
10172
-148949
-360299
-489231
-482499
-643808
-888113
-943821
-809946
-856207
-1064462
-1001836
-953650
-1078318
-1003218
-822168
-930515
-843778
-578099
-497140
-522855
-419127
-336740
-15675
66095
40271
291170
473406
638124
771543
816440
841949
817814
813618
976047
1127800
1057358
1018293
1026496
961171
834430
749336
693564
718352
392344
254912
125513
51018
-240525
-413343
-337773
-535332
-614098
-629287
-753850
-942678
-1002675
-912617
-864441
-1000440
-989134
-904837
-1068799
-929276
-770787
-804117
-757114
-588102
-421398
-150163
-94480
-48749
167857
405341
395419
463443
581554
649075
804452
836218
925868
959211
930430
1064724
1219530
1165029
861375
889502
983793
692865
632845
678511
583876
262373
87165
66762
-186070
-261615
-215551
-295733
-580825
-716466
-898770
-895397
-918807
-1170239
-1164456
-1031066
-1113268
-1173788
-1151269
-812904
-796453
-817044
-740200
-743030
-569371
-250477
-17783
-10845
821
249765
220942
401019
525378
690258
948206
1091938
1084685
1063024
1117662
1069918
1114979
1111507
1059923
958826
904581
1036879
756928
409268
507978
485404
216448
92726
-56429
-234367
-469402
-429193
-592804
-783268
-886268
-871392
-941678
-1186339
-1148122
-1098206
-1086776
-969227
-1137853
-1124354
-960504
-788859
-699699
-553869
-363586
-320469
-375766
-130528
-11744
190489
422466
740222
580732
642477
788974
937046
898380
1195726
1115436
1020180
1166551
1016257
947197
873961
904694
853752
690352
524388
582964
496692
431096
258203
-93052
-433361
-475980
-480890
-626279
-735947
-801681
-910247
-956728
-936091
-949305
-1177701
-1049749
-850661
-1022677
-955968
-760476
-821727
-863659
-597969
-598648
-356575
-123467
-203780
46157
238911
379490
517403
494228
618904
781132
668805
893643
1123262
974541
950014
1135218
993823
1115646
1030158
869840
938950
807731
668497
347263
173933
326935
137111
-110233
-137652
-193411
-507811
-616013
-668370
-738721
-983126
-937606
-1165972
-1133950
-881779
-1018095
-1116027
-1117771
-1135762
-898512
-814330
-724799
-481278
-379355
-326917
-114957
-31583
-138995
124726
322038
479951
588501
690453
871008
1006950
937499
928441
1029799
1071130
1000903
1109581
1007149
1032098
807788
778538
669243
500585
385916
410077
307026
5157
-71140
-271707
-322106
-483418
-738231
-704125
-734687
-992014
-1007693
-979945
-1079970
-1148014
-1159378
-968668
-853294
-750726
-704122
-614140
-734209
-503792
-583562
-370235
-184774
-47279
11039
241973
450536
398929
469480
590127
689615
741346
907640
1110337
1067266
965663
900785
833531
867390
951524
949736
931132
757522
586797
261430
302710
225521
66893
-11643
-245025
-294163
-303728
-502898
-689541
-688489
-854749
-931780
-836331
-771413
-911078
-948831
-927707
-964626
-961020
-914159
-662263
-704871
-621432
-312245
-260462
-188231
5904
-27808
215843
319417
409698
432864
465315
681898
884503
882683
867967
818485
916185
1019289
996189
1023491
814342
724275
746562
590751
483591
517068
419589
183218
-20237
-186306
-252412
-387917
-460605
-546133
-722050
-858450
-857673
-826553
-930980
-975290
-964251
-913205
-967542
-852432
-752456
-724988
-753435
-607303
-410885
-308979
-427877
-236017
86676
72473
177640
358507
450375
537320
547126
750339
818720
807340
915713
912297
879882
1019999
1001450
1013336
914396
822197
671296
730470
712885
398094
241845
148584
-42826
-175181
94000
-239395
-535182
-635421
-715207
-790472
-785199
-793655
-966398
-1169552
-1097594
-902380
-912574
-856710
-893910
-890312
-702548
-680430
-613179
-422864
-306492
-121663
-42936
150461
269195
264106
289714
569326
742361
657974
775390
911519
1035872
961113
1007172
1012457
969990
898495
929401
896936
927090
785161
639137
401523
352258
224047
24372
26713
-92970
-341815
-593709
-618165
-621377
-746869
-910922
-953971
-968855
-1048776
-876864
-1078077
-1136330
-1067375
-816436
-803385
-667063
-588125
-588781
-493622
-379993
-181971
-58501
-47022
155328
288869
380642
666924
685330
754062
860250
790673
792185
994464
1072311
1065532
909410
814947
937791
953269
740744
710206
499959
388290
499707
346606
-69149
-76396
-182923
-307901
-440423
-454665
-590002
-794010
-779601
-919065
-1091801
-998508
-965226
-900180
-853190
-847830
-848887
-760455
-738586
-589704
-722832
-567480
-204298
-114561
-95259
167792
183564
130709
491869
509977
521499
758491
893367
836226
863715
871282
943464
906436
924862
1038149
938766
892156
808687
696324
509079
530425
326208
84024
77814
46100
-324825
-428202
-374941
-531664
-803135
-696269
-751016
-889964
-934911
-896517
-1115136
-984248
-940183
-846461
-863429
-726524
-638123
-717381
-593190
-247869
-292799
-219131
33936
68939
184107
260260
420365
516633
597562
871257
769895
790521
957864
925395
900170
1025021
1023351
904979
845476
694781
789976
683512
568140
475551
233309
172112
148131
-43383
-202234
-347209
-495351
-461738
-555778
-678470
-774379
-796236
-943379
-918232
-1008312
-1015957
-838857
-890922
-929014
-790444
-679932
-666969
-532503
-431846
-303330
-239973
-111127
238
209574
328181
382181
498254
488521
730070
853740
829332
1008591
1018452
1064543
962750
967112
951730
971294
775119
736073
569671
510201
453603
316163
199309
-10788
-115066
-262388
-422404
-441985
-504899
-672909
-736131
-760777
-876748
-826577
-874108
-899209
-982108
-1065980
-1030530
-879748
-838552
-724098
-678754
-611311
-406612
-251530
-194980
8004
73307
269738
312361
355163
530104
803295
851565
871229
800219
860193
1038896
933313
964167
995625
942064
891709
914720
853312
728792
481951
366484
389944
270136
129679
75991
-134722
-391666
-515994
-705059
-819173
-779281
-812818
-878510
-877123
-974024
-1077561
-1130422
-1072628
-959937
-858476
-836619
-847781
-819653
-498929
-392860
-296764
-175328
-52762
234156
218559
206877
369227
516230
693279
627379
821270
929810
854912
900288
875130
836479
987065
968329
906618
948900
893936
771643
767964
475231
257789
162293
24121
32846
84610
-201952
-357895
-462772
-649715
-676364
-701289
-965508
-955190
-960105
-1106156
-1094245
-970999
-913729
-862193
-680848
-712965
-750382
-645994
-491235
-320351
-221552
-115357
15561
-51985
189990
396086
371942
421865
702597
748479
898820
998734
969356
1064286
1004060
919289
925017
922488
858080
784255
663095
522990
353870
390227
313635
152445
-92950
-119298
-326324
-551900
-735128
-824751
-773490
-796108
-910410
-854155
-843691
-946844
-918112
-922032
-836336
-716010
-611810
-582055
-571240
-538411
-513705
-282570
-326632
-95208
106668
157999
447059
536301
553323
551960
718940
884357
992369
944760
907916
1045357
891894
902937
851715
817851
777327
779456
684329
495045
305593
331795
275563
-119967
-153360
-178573
-421120
-511772
-490286
-716130
-781362
-655739
-835315
-978061
-986406
-822893
-865001
-824815
-937922
-827352
-770819
-877637
-629490
-519893
-412629
-355891
-191471
-38952
6349
111684
255406
416351
531220
795603
768730
821404
870280
926310
874525
870114
959976
1033531
1061516
971091
871828
692714
782581
609446
479371
478561
232782
42946
-116595
-191605
-392598
-494222
-513177
-699147
-821141
-854033
-916545
-839073
-971122
-1191756
-1110378
-1024483
-906038
-952847
-909139
-852132
-639708
-636406
-428800
-110404
-185558
-87960
124835
217428
232713
467573
671932
606698
752136
1014300
908376
934329
1113423
1131119
1061037
1122028
920467
1082098
828174
750377
762341
553832
423205
525497
128289
-28271
-46851
-240294
-375256
-436346
-664717
-913724
-781396
-847405
-1106534
-1069942
-1135076
-1018105
-995645
-1014275
-917648
-770288
-935682
-822479
-676675
-558128
-329780
-392548
-248916
47451
123965
118662
405951
589621
493253
669153
744160
702725
912783
1068031
1043205
1032078
1066880
1153189
1006873
992958
817797
797745
702759
545537
653855
500615
123106
87939
-103856
-263867
-290067
-490432
-548268
-588545
-811777
-1067006
-885203
-889759
-1194699
-1205961
-1077518
-1042882
-1000011
-910905
-859282
-689649
-726484
-596644
-380179
-497860
-400128
-166767
-30930
153865
359814
492547
604726
658941
690220
785992
858352
957143
1181514
1083378
1019894
1082601
870829
896763
1013093
780450
694674
552302
540050
417520
230773
82937
-138649
-204256
-259519
-319896
-515577
-647746
-742466
-777544
-910193
-953858
-993669
-943356
-952209
-874837
-906786
-941691
-813696
-706197
-689535
-486298
-336439
-477758
-272884
5126
-51747
93299
353720
527029
415053
579082
755939
714647
864720
1024606
941105
815430
1007146
901456
742505
876543
848204
847412
748997
627513
422037
299617
158949
45297
-27004
-251649
-331138
-502970
-683556
-700329
-618443
-876808
-975877
-802486
-891572
-1082319
-865747
-923313
-1012448
-875501
-815218
-800630
-721197
-530621
-240148
-131102
-66526
184954
227707
234703
406715
509225
529987
704202
833516
820054
988386
1076394
833118
877056
1027661
897352
826906
933197
948219
690136
606899
454289
368970
274669
152011
30457
-160219
-330551
-389687
-621664
-685148
-759712
-758843
-938263
-875252
-983273
-1210337
-1026205
-804672
-958566
-926001
-922608
-810695
-673684
-565666
-428541
-250881
-303058
-304557
-57936
137855
234943
407194
580632
611785
746279
842899
942037
909810
955730
905638
1051655
1154335
1148170
1046918
781214
774727
764168
564403
445430
582495
365464
131068
138524
-189309
-395182
-470902
-480228
-541778
-518984
-781408
-882681
-993301
-1151268
-1093431
-937794
-910887
-1012640
-933836
-866762
-764953
-806491
-856265
-736280
-375798
-335672
-200839
-61455
-73175
185458
210707
441857
715595
711252
716565
933181
988331
832171
1205917
1165874
985860
1049315
1062763
881993
755038
742778
634391
550113
557566
259098
205987
52585
-99669
-156921
-398702
-314845
-608007
-862676
-717811
-842099
-1110773
-945085
-985770
-1067385
-986495
-1124471
-1100549
-970847
-835736
-720418
-645634
-566787
-454454
-414215
-180292
-89238
82061
233363
393030
567310
740033
717575
769711
930721
1039255
1064025
1048271
1028815
966153
894147
991486
1065501
885163
819559
788923
652890
334635
372610
256700
-10371
-52178
-196043
-471131
-585754
-458346
-694482
-833750
-768928
-838082
-1078004
-1240240
-1060257
-1072759
-1013700
-822801
-967236
-835558
-628352
-761339
-669846
-348309
-207722
-84233
86746
282687
256589
266709
416773
595986
685225
790805
962485
855535
869287
954989
954208
891540
1058943
1127629
879076
824608
848396
602268
484619
612023
343549
51083
-26923
18264
-187546
-431003
-379207
-597657
-890320
-850291
-880627
-906544
-1026433
-1026780
-1099022
-1065912
-965054
-857352
-937695
-691469
-589336
-700273
-572379
-330053
-314605
-245070
-86008
-12078
159924
259336
588544
719672
640385
728954
794289
919904
1049312
1079952
1073732
1097793
987595
854434
781074
888379
830678
707385
728075
340394
313888
180858
-96404
-164273
-185637
-370726
-477593
-599022
-804149
-824235
-1061006
-913109
-981525
-1043277
-932502
-975788
-1072165
-882802
-801350
-870989
-667290
-627441
-541164
-389210
-287411
-186064
-80361
34057
315181
459934
488038
499747
668750
879580
858145
930544
905686
938992
1070469
1131034
910000
1037825
1067066
951696
800196
713794
535091
466394
399473
176064
-68110
-159165
-431370
-492685
-457377
-566441
-663948
-920611
-935274
-915384
-1093840
-1157499
-1008302
-989275
-1057186
-925729
-954168
-869187
-734497
-643063
-545553
-373006
-291489
-353757
-135042
101447
210082
369481
568051
541254
579516
825821
935912
1022742
944993
1047622
1024150
978409
1048122
1127522
885920
840628
815621
568090
568516
436063
223674
108918
13121
-20785
-132054
-378678
-591632
-634608
-670066
-797304
-997831
-938845
-911250
-1028667
-1040150
-888447
-956162
-1064229
-898403
-780638
-600590
-423125
-389505
-313818
-207756
-182706
-131956
103428
250440
348457
468486
572653
710439
825929
841356
895965
1152624
981507
986099
907155
957892
900487
862721
799696
823382
683602
426358
392850
121098
152043
35841
63828
-192492
-390524
-524772
-690740
-712456
-816729
-905621
-1063551
-951973
-993321
-1079607
-1027892
-898390
-1014104
-835773
-764047
-848761
-745290
-502351
-248049
-237355
-114814
-13168
82394
191704
430960
546844
597737
741544
860261
881756
930521
1069559
1088996
1084176
1069115
818585
900621
1105231
1006712
698509
533048
607574
500300
248031
145921
111815
-143743
-361453
-224769
-507765
-842439
-800945
-898647
-1019257
-1011357
-1085865
-1149301
-1013872
-915517
-1020141
-886768
-912028
-828525
-680775
-582604
-487525
-328666
-184370
-109075
121258
106044
309127
525057
419801
643189
640647
749169
914877
1089550
1053400
988008
1043063
1064368
911678
871031
864228
770531
712029
765230
589016
342952
317143
141520
5087
-205994
-379065
-410635
-503680
-617323
-741432
-971565
-1059606
-1057637
-982964
-939860
-947761
-1101941
-1024487
-960682
-758037
-823448
-565587
-488118
-465947
-383930
-391043
-321915
34108
198880
302976
291955
432111
515698
642827
766341
957207
807522
853512
933751
1024997
1121872
1002639
966461
1062847
922149
763805
737655
591677
537069
374179
117590
51775
-15599
-254189
-461830
-344646
-634427
-869046
-777052
-920221
-1019005
-904856
-908306
-1120987
-1085746
-1069486
-938987
-720912
-765240
-868435
-776681
-592578
-391194
-206282
-344609
-100791
141174
147164
381138
461268
496364
726183
764254
720873
943913
1004534
1031699
1099613
1122959
1100342
1105024
869961
860118
830629
602200
732710
616733
276026
104432
77891
-131558
-281774
-357660
-555856
-556236
-703768
-846530
-1000107
-1017785
-1019909
-892968
-942579
-1069528
-1054558
-1060637
-916019
-764355
-811070
-651339
-529604
-372819
-436525
-271480
-163759
71557
179660
387982
453639
707944
725665
776177
751522
826734
883257
1012925
1145458
1012414
1169530
1076347
940064
795565
787868
606588
448954
446523
376109
237855
-29718
-81891
-82641
-362191
-478555
-597352
-766495
-861706
-719512
-906416
-1021970
-1000861
-944491
-855128
-982503
-1067111
-846397
-879566
-918482
-668138
-519201
-389489
-255018
-195698
-201362
40446
133713
273769
373647
559274
677645
705555
781373
907381
987622
997766
1013500
1024120
955715
966599
991177
844160
651905
661553
574632
545754
300327
220291
141344
-124098
-325554
-309075
-438381
-638367
-631689
-840988
-841926
-851167
-975887
-990912
-917743
-1035079
-989520
-875304
-823437
-849776
-748128
-698797
-562776
-347763
-302761
-216276
6471
4574
213101
393699
303195
480094
751908
720568
764456
894099
855381
1003885
997314
1119001
978680
853441
820800
823428
771464
720673
628097
491541
249417
-14430
-18580
-74242
-239969
-312155
-512941
-610951
-573036
-782414
-928350
-940861
-1059634
-1084537
-999804
-910850
-829243
-921190
-870221
-865171
-805026
-674231
-425341
-487625
-206149
-107508
-121991
13624
18870
301188
528215
623470
727226
816610
804654
812820
914520
915521
994769
1056031
1143159
917315
808387
778992
652905
574433
622651
431471
364451
258310
41519
-86103
-343076
-408738
-492880
-616748
-673385
-813038
-964387
-930229
-910564
-958669
-912416
-937552
-958694
-808945
-882134
-922394
-845786
-719250
-492571
-435727
-321841
-172786
36747
67135
222502
408731
467753
660936
784495
680752
843397
992342
958012
1090151
1033170
825132
774240
889793
930564
896371
801301
668787
589978
420066
107750
200249
71297
-213472
-328574
-309510
-590560
-618760
-700308
-1013287
-1022411
-951310
-985482
-1227474
-1041412
-1048989
-1203229
-1221442
-1096525
-961935
