2143
2296
2367
2413
2520
2541
2607
2708
2713
2697
2736
2755
2775
2774
2626
2621
2641
2551
2475
2398
2365
2283
2139
2099
2009
1930
1808
1649
1616
1531
1454
1434
1385
1379
1346
1283
1403
1438
1372
1485
1560
1576
1670
1741
1778
1867
2013
2026
2097
2231
2265
2390
2434
2435
2619
2659
2628
2756
2753
2773
2761
2697
2704
2655
2601
2564
2502
2437
2326
2242
2223
2105
1976
1833
1704
1664
1559
1522
1499
1465
1422
1395
1343
1344
1360
1377
1413
1579
1583
1555
1727
1742
1819
1919
1942
2046
2204
2190
2266
2373
2461
2562
2561
2620
2685
2726
2697
2707
2727
2737
2681
2654
2611
2562
2486
2385
2332
2208
2123
2023
1910
1812
1770
1648
1630
1544
1398
1350
1404
1400
1354
1383
1345
1323
1405
1436
1422
1586
1683
1757
1832
1890
1945
2081
2173
2214
2370
2428
2456
2489
2613
2657
2649
2701
2762
2747
2709
2678
2615
2630
2618
2550
2511
2478
2370
2264
2133
2064
1991
1903
1850
1718
1628
1525
1462
1439
1469
1442
1351
1368
1413
1312
1379
1435
1489
1612
1674
1732
1835
1862
1973
1994
2112
2258
2281
2336
2473
2540
2562
2542
2624
2694
2727
2660
2646
2666
2646
2593
2624
2583
2522
2398
2283
2282
2191
2056
2024
1892
1779
1712
1647
1547
1436
1404
1335
1320
1387
1394
1344
1340
1361
1368
1450
1538
1659
1753
1827
1878
1943
2050
2122
2239
2330
2430
2530
2578
2596
2632
2647
2723
2797
2809
2800
2679
2656
2639
2592
2510
2511
2399
2387
2295
2138
2018
1927
1838
1784
1719
1596
1533
1422
1363
1315
1304
1302
1352
1323
1298
1337
1355
1424
1539
1629
1709
1826
1886
1971
2091
2141
2192
2331
2458
2537
2654
2688
2678
2707
2803
2783
2812
2824
2757
2684
2628
2549
2574
2492
2398
2352
2230
2092
2015
1899
1840
1817
1657
1575
1552
1454
1347
1360
1313
1331
1367
1305
1378
1467
1413
1415
1538
1647
1705
1784
1918
2006
2019
2110
2176
2314
2433
2525
2644
2645
2677
2736
2693
2703
2739
2693
2688
2677
2595
2572
2548
2460
2389
2318
2212
2118
2041
1913
1841
1820
1730
1654
1561
1450
1443
1374
1327
1370
1345
1364
1429
1417
1438
1496
1560
1653
1673
1830
1892
1953
2079
2136
2225
2316
2342
2481
2612
2612
2693
2750
2716
2756
2754
2702
2719
2756
2656
2614
2532
2466
2406
2313
2220
2155
2005
1887
1866
1759
1660
1640
1565
1482
1439
1353
1278
1344
1362
1328
1368
1399
1449
1512
1572
1629
1683
1695
1877
2018
2094
2128
2213
2288
2327
2439
2596
2652
2749
2656
2710
2756
2908
2854
2746
2720
2726
2630
2661
2522
2330
2316
2243
2130
2070
1985
1810
1711
1664
1596
1626
1618
1360
1314
1404
1283
1326
1415
1361
1381
1538
1493
1526
1764
1757
1743
1951
2015
1987
2213
2280
2300
2466
2554
2498
2572
2693
2649
2719
2769
2780
2730
2803
2730
2640
2558
2475
2432
2536
2346
2229
2109
1993
1922
1893
1792
1685
1634
1569
1470
1435
1453
1315
1302
1318
1376
1411
1535
1503
1486
1525
1619
1693
1899
1911
1881
2024
2139
2180
2391
2414
2424
2458
2568
2590
2639
2682
2663
2686
2723
2702
2675
2614
2517
2500
2406
2374
2369
2266
2146
2054
1915
1822
1755
1667
1616
1571
1518
1457
1410
1340
1272
1275
1345
1410
1413
1406
1467
1525
1653
1693
1795
1893
1978
2027
2156
2268
2319
2372
2461
2484
2562
2670
2637
2665
2671
2660
2742
2751
2687
2592
2519
2522
2439
2398
2379
2261
2154
2068
1947
1867
1761
1674
1586
1560
1541
1426
1386
1380
1281
1316
1338
1339
1389
1408
1426
1584
1653
1688
1756
1861
1975
2050
2148
2216
2272
2383
2448
2502
2600
2678
2679
2669
2709
2754
2737
2755
2718
2674
2630
2505
2444
2388
2267
2271
2170
2048
2009
1845
1756
1716
1593
1487
1440
1393
1387
1308
1332
1314
1365
1360
1326
1443
1550
1642
1647
1673
1760
1876
1926
2030
2131
2247
2322
2337
2473
2584
2626
2601
2771
2772
2761
2778
2758
2744
2718
2678
2555
2546
2488
2377
2343
2262
2121
2011
1926
1823
1793
1721
1596
1519
1418
1396
1329
1303
1247
1303
1374
1389
1407
1470
1507
1604
1621
1718
1793
1862
1987
2029
2106
2200
2263
2368
2525
2580
2596
2633
2701
2733
2698
2725
2741
2770
2738
2655
2596
2552
2482
2408
2369
2278
2146
1996
1933
1885
1831
1727
1651
1614
1516
1383
1344
1331
1351
1352
1352
1371
1354
1428
1524
1545
1601
1705
1770
1848
1935
2006
2105
2247
2358
2407
2443
2468
2538
2584
2636
2724
2759
2734
2776
2735
2698
2688
2633
2598
2533
2468
2378
2226
2123
2002
1950
1917
1750
1686
1627
1532
1401
1323
1287
1333
1333
1375
1333
1323
1335
1329
1499
1553
1609
1759
1855
1935
1955
2004
2152
2240
2348
2482
2477
2550
2596
2590
2703
2752
2787
2765
2788
2779
2712
2673
2674
2583
2525
2463
2315
2202
2102
2025
1907
1844
1773
1685
1664
1540
1397
1337
1300
1292
1336
1311
1318
1330
1395
1414
1408
1515
1620
1747
1837
1875
1907
2017
2129
2211
2325
2529
2493
2538
2626
2609
2699
2786
2759
2800
2830
2731
2688
2638
2593
2516
2504
2433
2299
2246
2126
2006
1914
1828
1740
1720
1584
1540
1438
1394
1377
1326
1329
1350
1341
1391
1420
1428
1468
1554
1673
1731
1864
1942
1955
2056
2048
2186
2348
2406
2493
2550
2534
2644
2673
2721
2796
2809
2773
2677
2643
2642
2597
2625
2556
2461
2395
2212
2090
1997
1880
1861
1806
1705
1631
1555
1443
1372
1349
1276
1229
1314
1300
1354
1513
1466
1470
1563
1601
1728
1822
1916
2003
2062
2151
2161
2265
2404
2436
2522
2576
2585
2650
2691
2720
2762
2759
2727
2667
2636
2580
2525
2504
2439
2387
2321
2164
2092
1940
1844
1766
1697
1686
1622
1537
1554
1415
1296
1352
1309
1361
1407
1441
1477
1528
1493
1583
1681
1767
1885
1964
2061
2098
2157
2229
2325
2496
2572
2682
2701
2678
2696
2695
2743
2785
2768
2709
2682
2601
2584
2546
2467
2379
2257
2216
2110
1976
1883
1817
1714
1608
1517
1460
1406
1365
1317
1306
1310
1339
1362
1424
1459
1490
1544
1553
1613
1718
1857
1966
2072
2148
2179
2250
2349
2428
2540
2627
2624
2700
2673
2725
2780
2753
2768
2715
2639
2588
2536
2487
2455
2363
2325
2249
2129
2019
1843
1728
1635
1563
1496
1466
1495
1406
1320
1295
1263
1313
1371
1357
1450
1486
1493
1580
1673
1807
1876
1979
2098
2144
2204
2280
2363
2455
2540
2618
2659
2642
2646
2713
2738
2777
2755
2712
2706
2666
2517
2524
2473
2322
2236
2178
2042
1939
1853
1749
1664
1545
1541
1466
1434
1351
1261
1312
1321
1319
1362
1435
1438
1468
1538
1621
1674
1821
1851
1906
2095
2173
2219
2333
2326
2406
2524
2623
2684
2698
2710
2735
2732
2794
2748
2737
2725
2604
2541
2530
2500
2358
2301
2197
2039
1944
1877
1793
1719
1624
1547
1507
1362
1348
1333
1245
1257
1319
1387
1405
1466
1437
1513
1596
1668
1748
1862
1956
2056
2160
2245
2292
2383
2494
2506
2606
2672
2668
2695
2737
2720
2756
2736
2695
2644
2605
2598
2532
2440
2330
2266
2188
2136
1953
1857
1791
1744
1656
1601
1513
1456
1380
1258
1260
1295
1311
1359
1391
1416
1491
1503
1523
1623
1728
1828
1912
2065
2123
2200
2295
2373
2454
2510
2574
2631
2660
2693
2718
2726
2764
2742
2692
2692
2659
2546
2522
2400
2358
2330
2220
2090
1997
1922
1811
1734
1633
1572
1531
1415
1350
1306
1286
1327
1334
1317
1375
1417
1451
1533
1579
1678
1794
1862
2051
2127
2129
2217
2410
2392
2462
2640
2572
2604
2649
2701
2781
2868
2715
2723
2747
2731
2610
2667
2555
2393
2327
2210
2112
2140
2081
1875
1753
1672
1600
1493
1502
1411
1304
1452
1325
1245
1394
1368
1378
1530
1532
1512
1656
1718
1759
1901
2014
2008
2176
2285
2286
2403
2493
2486
2580
2716
2761
2772
2720
2754
2762
2843
2744
2641
2626
2555
2478
2481
2308
2221
2082
1998
1982
1973
1853
1669
1580
1529
1477
1441
1463
1346
1361
1322
1265
1393
1492
1377
1427
1508
1595
1671
1918
1921
1907
2018
2108
2192
2431
2423
2402
2518
2572
2634
2692
2750
2797
2715
2758
2714
2694
2686
2572
2546
2515
2421
2304
2215
2108
2064
1970
1945
1833
1738
1664
1536
1398
1401
1400
1332
1301
1304
1291
1327
1345
1369
1452
1546
1605
1668
1761
1857
1949
2042
2149
2268
2333
2381
2415
2498
2548
2661
2709
2764
2791
2752
2744
2686
2614
2668
2648
2583
2549
2416
2307
2237
2156
2061
1944
1837
1715
1624
1520
1429
1443
1455
1384
1336
1314
1312
1278
1308
1373
1437
1523
1568
1587
1653
1737
1882
1948
1986
2138
2230
2295
2407
2461
2540
2560
2544
2650
2719
2740
2777
2758
2706
2714
2692
2684
2556
2461
2414
2354
2278
2162
2082
1972
1813
1719
1614
1582
1552
1454
1419
1384
1362
1359
1275
1276
1340
1349
1407
1450
1496
1601
1685
1776
1857
1930
2027
2089
2253
2386
2396
2529
2560
2594
2658
2639
2736
2727
2690
2716
2750
2708
2654
2603
2555
2441
2362
2320
2233
2164
2023
1939
1809
1707
1689
1550
1474
1483
1407
1437
1420
1350
1337
1313
1359
1370
1416
1501
1580
1693
1701
1714
1822
1917
2034
2140
2240
2348
2407
2421
2511
2580
2656
2696
2683
2693
2708
2710
2756
2731
2671
2638
2520
2449
2413
2314
2198
2134
2045
1887
1821
1762
1645
1530
1485
1467
1444
1367
1305
1344
1376
1356
1307
1365
1451
1510
1535
1668
1767
1825
1839
1908
2028
2133
2216
2317
2448
2512
2522
2620
2642
2646
2687
2734
2746
2801
2761
2689
2622
2557
2527
2459
2412
2337
2226
2161
2041
1910
1861
1794
1691
1625
1539
1396
1338
1327
1272
1299
1350
1365
1344
1330
1343
1436
1600
1647
1730
1832
1855
1934
2024
2085
2190
2358
2455
2485
2586
2666
2620
2660
2762
2812
2814
2794
2758
2700
2603
2586
2502
2490
2502
2347
2267
2186
2035
1975
1894
1706
1670
1606
1506
1412
1377
1354
1288
1346
1383
1326
1361
1371
1411
1504
1581
1661
1753
1856
1894
1917
2071
2120
2176
2306
2389
2440
2546
2606
2624
2669
2708
2728
2740
2808
2722
2660
2664
2629
2592
2512
2392
2343
2302
2122
2016
1931
1827
1710
1673
1581
1472
1408
1364
1354
1335
1370
1367
1368
1345
1383
1372
1455
1562
1633
1731
1795
1880
1970
2036
2155
2302
2317
2413
2493
2550
2612
2608
2706
2773
2743
2796
2777
2744
2781
2704
2621
2551
2497
2397
2354
2304
2192
2068
1933
1812
1739
1670
1558
1504
1475
1412
1328
1302
1340
1328
1362
1309
1379
1434
1474
1557
1631
1734
1832
1869
1948
2054
2154
2229
2306
2455
2505
2552
2624
2656
2740
2743
2741
2756
2796
2781
2754
2704
2692
2516
2406
2410
2299
2276
2228
2086
1902
1816
1683
1632
1624
1556
1436
1388
1412
1336
1280
1315
1353
1389
1438
1460
1507
1611
1737
1752
1820
1940
1924
2030
2140
2238
2364
2436
2518
2596
2585
2633
2668
2748
2802
2786
2768
2775
2750
2672
2645
2596
2407
2344
2374
2231
2169
2054
1870
1810
1751
1598
1506
1518
1433
1342
1347
1359
1314
1319
1326
1358
1385
1414
1461
1527
1655
1722
1764
1912
2056
2041
2121
2320
2368
2420
2540
2553
2618
2743
2720
2734
2796
2730
2700
2757
2730
2704
2660
2576
2552
2470
2321
2237
2144
2039
1934
1823
1754
1630
1539
1543
1507
1467
1425
1360
1314
1235
1268
1326
1413
1487
1482
1530
1612
1654
1775
1869
1964
2057
2189
2287
2308
2383
2499
2542
2569
2623
2673
2775
2743
2780
2825
2692
2684
2696
2600
2570
2536
2433
2350
2265
2219
2113
2019
1921
1766
1649
1607
1507
1462
1416
1416
1408
1324
1326
1314
1350
1411
1443
1508
1569
1637
1677
1709
1843
1910
1979
2137
2153
2287
2452
2457
2492
2590
2646
2701
2742
2797
2772
2774
2743
2665
2672
2643
2561
2556
2426
2328
2298
2214
2110
1964
1843
1727
1670
1606
1481
1468
1458
