2293089
-1551798
-1648206
-1841846
-1720718
-1804354
-2257760
-1829177
-2172579
-1796217
-1571059
-1510289
-1130425
-1067286
-898366
-500271
-768071
-405820
-232265
-106399
674135
770234
1350639
1718658
1307070
1153600
1696513
1769849
2318015
1998818
1703826
1892728
1635949
1670042
2027040
1697543
1307791
885594
706477
815554
746441
325068
-8755
-341651
-615940
-716365
-1129601
-773839
-1351978
-1570441
-1472591
-1662935
-2030645
-2163103
-1925276
-2188750
-2027761
-2037031
-1523370
-1610611
-1274213
-1280805
-1041742
-382954
-662702
-431673
-156045
54281
827399
840480
1194903
1273080
1272874
1877175
1909105
2224388
2283304
2295973
2139722
1918066
2030336
1850395
1666437
1674471
1195521
1267106
941420
833373
258942
-175924
41406
-600696
-669397
-1154733
-1225391
-1334880
-1469398
-1642438
-1944331
-1699088
-1990578
-1959472
-2031572
-1917757
-1511113
-1883355
-1570441
-1655519
-1539335
-1393899
-1135472
-750046
-681757
-296434
-22660
399022
646119
660539
1220344
1237854
1388955
1939181
1656755
2425341
2155584
1666540
2156408
1888505
2000981
1873364
1728958
1729164
1311808
735111
971290
923189
470916
432085
-152028
-405923
-593177
-1232086
-1310881
-991787
-1430258
-1222198
-1714229
-1991093
-1894376
-1853588
-1794260
-1589084
-1635434
-1908384
-1828250
-1710006
-880032
-1451167
-1130013
-606464
-860771
-246994
-318064
309103
603065
773736
719867
1125172
1316649
1437159
1877587
1902719
1761197
2440585
1819804
1945670
2295458
1823409
2124581
1533258
1349712
1114563
1205821
528390
260487
572371
-178190
-443827
-695353
-1146802
-750973
-1025056
-1481449
-1300375
-2035589
-2043829
-1776853
-1813830
-1728546
-1914770
-1846790
-2056086
-1808783
-1426653
-1234455
-1228584
-1040197
-474315
-759213
-675062
7107
400567
160886
803812
1163797
1538408
1699706
1310778
1539541
1746571
2060515
1852146
2290308
2291441
2035177
1665922
1679312
1397298
1431803
1063681
1030618
1260514
464221
270272
-373684
-845836
-789701
-931738
-1020009
-798559
-1309954
-1676325
-2127465
-2032190
-1638524
-1820422
-1942786
-2160631
-1761815
-1771497
-1790861
-1307379
-1347549
-1181925
-1085620
-873131
-454024
-328879
113197
77765
561865
1030206
1326949
1484333
1790346
1913534
1425417
1642850
1887784
2042387
2340057
2088222
1700736
1927336
1428919
1312632
1401418
1143403
1417795
903104
470710
10300
-292520
-392636
-730785
-557230
-680212
-1013211
-1666540
-1557772
-1545618
-1586818
-1617924
-1592998
-1801264
-1812594
-2018594
-2093784
-1729473
-1777471
-1463939
-1567145
-1274728
-832034
-351951
-329909
-233810
121952
506760
1089019
765702
1705371
1860489
1445399
1808371
1929087
2222637
2031778
2506196
2155481
2048876
1799410
1317988
1756150
1684668
1035974
1427271
893525
482658
42951
-212901
-638600
-641896
-845527
-923704
-1455699
-1357025
-1408319
-1685080
-1930220
-2020757
-1582801
-2242825
-1679827
-1855751
-1655622
-1552210
-1906221
-2058970
-1426756
-1456832
-1367428
-1042257
-422094
-607597
35638
-255646
993126
1277509
1507199
1907251
1666437
1674471
1653253
1976055
2416277
1750794
1730812
2111088
1667673
1647279
898160
1165136
867981
585452
1006001
451346
221038
-149041
-265534
-870762
-707919
-1345180
-1723087
-768071
-1914564
-1654901
-1752854
-2038885
-1762227
-1928469
-2212543
-1760682
-1598354
-1839992
-1649236
-1365986
-1510186
-1040094
-566603
-739643
-206412
-291593
-76323
419519
832858
1195109
1354862
1470016
1613289
2005719
2061442
1966888
2317706
1932383
1723293
1712169
1821761
1741730
1624310
1669424
1177084
1270917
495636
221553
382233
28840
-185400
-136784
-446711
-969127
-1092006
-1409864
-1229099
-1553549
-1884385
-1934031
-1651605
-2002835
-1744717
-1637803
-2188853
-1625340
-2002732
-1617924
-1372578
-1170904
-1090667
-608112
-376877
-295610
282220
383366
998173
927412
1232189
1724735
1343429
1723396
1746880
2316264
2266515
2406904
2059897
1848335
2216457
1512452
1931250
1960502
1414190
780122
502125
286031
281396
-145848
-354526
-1138871
-962844
-1052763
-1419546
-1077792
-1425005
-1693217
-2176699
-1972347
-1527902
-1447150
-1713611
-2016019
-1725662
-1852146
-1795290
-1711036
-1350124
-581744
-858814
-568045
-37904
-20394
-206412
146054
477096
909902
1346107
1158647
2106762
1638215
1611641
1852249
1767583
1981205
1944949
2440276
1755841
1566939
1531198
1103130
1173788
865303
668676
647149
65096
51500
-61594
-848102
-942347
-961711
-1068934
-871895
-1392766
-2089664
-1851940
-1953086
-1704135
-1541807
-1743790
-1740288
-2045065
-1754193
-1697955
-1468677
-1096641
-1109928
-435587
-595134
-94451
206515
195185
348346
777650
1059355
1645940
1648000
1551386
1987488
1645322
1664274
2180304
2160219
1705783
1983883
1529344
1365574
1608139
1439425
1416147
1008885
627270
591323
713893
330424
-553728
-540338
-479465
-1105499
-1040403
-1205924
-1168535
-1725559
-2170519
-1999745
-1912710
-1647794
-1946082
-1642438
-1921362
-1587951
-1651502
-1785608
-1178938
-1241150
-865921
-471534
-182001
-397271
-146466
253792
481525
916391
1097362
1707843
1984913
1832782
1936400
2010354
1923525
1957927
1992947
1899526
1833194
2081218
1559317
1156484
1179350
605949
648076
549299
314871
120098
-56856
-626858
-977779
-982208
-983135
-1364956
-1580638
-1559626
-1768304
-1904058
-2095638
-1870995
-1843391
-1626473
-1167505
-1303980
-1814860
-1558596
-1643262
-933180
-574843
-858196
-170259
-22969
454951
331042
697928
1074393
994362
1532331
1523267
1996449
2078437
1615658
1814036
2144460
1876042
1724323
1553137
1411718
1380818
1374432
941111
716159
1021451
249363
203631
-26059
-41509
-199099
-1055647
-806902
-1444781
-1416971
-1324683
-1815066
-1507611
-1936606
-2101509
-1842361
-1753575
-1551695
-1791479
-1721439
-1275655
-1417795
-1003735
-1193770
-796293
-465560
-476169
-309
226085
351745
487705
998276
937609
1549944
1765832
1221992
1943816
1870068
1815478
1967918
1629151
1748425
1681887
1814757
1265767
1683432
1256394
672590
771779
211562
509644
211150
-219905
-676504
-705550
-826575
-1368252
-1266488
-1283483
-1939799
-1585891
-2120667
-2163206
-1568690
-2291132
-1689715
-1883767
-1820731
-1470737
-1394105
-1205306
-960784
-857269
-921438
-542295
-84460
100528
502640
672487
881268
1077277
1103130
1906427
2068034
2096668
2433478
1942889
1607624
2438628
1876866
1656961
2043829
1791067
1318091
1094787
844806
617073
652814
132973
82915
-218051
-527257
-819262
-993435
-1097156
-1249802
-1331069
-2102539
-1799307
-1956073
-2066798
-2170210
-1888093
-2171137
-1951541
-1641408
-1752854
-1178938
-1110443
-1096744
-762612
-611717
-758183
91464
110828
431364
914125
705344
1219108
1461570
1792818
1882016
2021272
1902204
1911783
2179995
1843391
2004792
1889020
2006234
1482067
700606
1127541
830901
854076
486881
111961
-246891
-306425
-540853
-1096950
-683405
-1147832
-1624619
-1509671
-1684153
-1718555
-1836593
-1579711
-1762227
-2070609
-1552210
-1581256
-1179762
-1441279
-1137635
-939772
-989727
-583804
-753033
20394
111240
294992
600593
747471
1170492
989624
1598457
1830207
1644395
1828971
1595779
1755017
1891183
1698161
2255597
2158056
1453948
922880
1147729
919069
631390
723060
635201
315386
-357822
-509438
-743351
-786405
-915670
-1246918
-1391633
-1348167
-1371136
-1649236
-1516572
-1673750
-2208732
-1556742
-1775720
-1734932
-1591144
-1352184
-1229820
-1257115
-857475
-992508
-386353
-189829
138432
573401
702975
674032
1105087
1264222
1149274
1709285
1934855
1795599
1911062
1888196
1809916
2236130
2098625
2112839
2031778
1456008
970054
1611847
1355995
825545
741806
-105987
-31724
-498932
-849544
-509541
-986122
-1079131
-1167196
-1637494
-1813624
-1764390
-1740494
-1763566
-1790346
-2235512
-2301329
-1981308
-1792818
-1311396
-1748734
-1195006
-1184809
-1230232
-662290
-825133
-61182
261208
484409
638497
780946
1256703
1340648
1861622
2108822
1733387
1720615
1899217
2095329
2251477
2266618
1730297
1421297
1358261
1501534
1403478
1304598
1058531
368946
153779
195391
-464427
-547445
-437956
-749634
-1053999
-1451785
-1825366
-1966682
-1907251
-1710521
-2149919
-2120564
-2014268
-2103775
-1856575
-2044035
-1571986
-1482376
-1294813
-1133103
-1063578
-364105
-305292
138638
514794
311369
604095
760964
1511319
1725250
1867390
1841331
1796423
2006749
2448825
2269090
2174845
1692393
1773351
2006646
1583522
1491852
1131764
753239
366474
246170
-48513
-105266
-291284
-965934
-716777
-959754
-1371857
-1076041
-1852146
-1646558
-1734314
-2018182
-1704135
-2112015
-1801161
-1945773
-1503182
-1498959
-1531095
-1443339
-1414499
-843570
-854797
-416120
-247921
33269
116287
380585
957385
1488659
1301920
1408834
1709182
1851734
2192458
1746468
2289690
1962459
1487320
1744305
1757901
1813933
1501946
1154527
583701
619751
509644
289121
462779
-211562
-635201
-609863
-714202
-533849
-1055750
-1345077
-1234352
-1763154
-1844524
-1950202
-1879750
-1551283
-1833709
-1696513
-1995419
-1773557
-1683535
-1517293
-773839
-1094272
-582465
-288194
-455260
-337119
-49955
644265
670530
1067286
1017434
1236309
1474342
1953086
1774278
1945258
2107277
1710109
1892831
1634404
2025701
1640790
1657476
1397092
1070479
883843
755814
616661
210635
331042
-462264
-527463
-864685
-1184912
-1027116
-1517087
-1417177
-1478874
-1847820
-1730400
-1987694
-2266309
-1844009
-2280317
-1881192
-1568690
-1700118
-1372578
-1325816
-933798
-628197
-541059
-795778
-54899
123909
233501
588439
1047098
1302023
1161943
1498650
1746262
2299784
2198123
2182879
2096462
1680857
1902719
1895921
1801573
1691157
1512349
1198199
884976
718425
489456
200541
343093
-176645
-662187
-893731
-1301199
-1188826
-1200362
-1316031
-1478462
-1953704
-1581771
-1865742
-2266515
-1942889
-2001908
-1784990
-1912710
-1806414
-1174509
-1115490
-1085929
-743145
-704417
-518296
1545
329909
201468
994774
886315
1081912
1896951
1491440
1855545
1956176
2126744
1829486
2043623
2130143
2065665
2117886
1497002
1611950
1438498
1082736
812361
634068
611511
825648
-42745
-200438
-392636
-883328
-821425
-1077380
-1057604
-1760785
-1514615
-1703517
-1919199
-1594337
-1663141
-1810019
-1913843
-1726795
-1724529
-1297491
-1465381
-1357643
-837184
-1365677
-604095
-327952
-104030
502640
327437
685053
925558
1199641
1211486
1798586
1872128
1610508
1965858
1847408
1741318
2041151
1983265
1800955
2276197
1626576
876736
1022687
663526
806593
390576
-118347
154088
47071
-824309
-613468
-1060179
-1400594
-1199538
-1417795
-1160501
-1860592
-1705989
-1513379
-1929499
-1655107
-1872025
-1625237
-1625855
-1272977
-1076350
-1237854
-1158235
-872822
-798559
-385838
161195
292211
765908
854385
698134
877148
1639657
1697131
1608551
2262189
1922392
1399358
2027246
1527284
1896848
1914564
1426035
1550562
1414190
1259278
896615
718528
470607
-14420
-48204
-41200
-755196
-1151849
-922983
-1008164
-1214679
-1208808
-1729988
-1990784
-1755532
-1862034
-1608448
-1933516
-1780355
-2131997
-1854721
-1412233
-1525945
-556715
-915670
-1134133
-426008
-338973
-472873
138329
435793
635819
902280
1287397
1282865
1773866
1744408
1688582
2017152
2281347
2054747
1771188
1948348
1563952
1713920
1637494
1255982
1076247
805769
576594
391400
214137
-283147
-277173
-374920
-860256
-1092933
-953162
-1434687
-1537687
-1501019
-1682711
-1895097
-2169283
-1591762
-1880883
-1987076
-1577136
-1786432
-1798792
-1360218
-1315928
-1375359
-748707
-431982
-381718
173967
383057
353290
698546
1042875
1341266
1018258
1597015
2018697
2153009
2340984
1903337
1929705
1864403
1975746
1770158
1541704
1342708
912683
1167196
1259484
520871
321566
146466
-273156
-423948
-566088
-681757
-1012284
-974071
-1285852
-1498444
-1553961
-1929499
-1930426
-1694350
-1583934
-2013238
-1579608
-1580432
-2063090
-1404508
-1231880
-1196757
-1101997
-780328
-598739
-131428
52324
140080
720794
507069
1024232
1097465
1354862
1658300
1743378
1606594
1791994
1646146
2170416
2152906
1861519
2101303
1882016
1258454
949763
1211486
940184
938227
502022
258839
-55311
-137299
-801443
-1198714
-835124
-1191813
-1400594
-1484024
-1630387
-1853073
-1864609
-2040842
-1983574
-1532434
-1881192
-1508847
-1069552
-1604740
-1272359
-1585273
-1403169
-611923
-602859
-73130
286752
229072
403863
530759
729240
1241459
1629048
1573222
1878102
2132718
1600723
1539026
1832576
1711654
2146520
2337791
1595058
1526666
1512349
848205
749634
841819
604610
348861
110313
-469577
-868805
-1252686
-1384320
-1000851
-1083354
-1371342
-1579711
-1739361
-1750485
-1966579
-1705680
-1722366
-1458068
-1515748
-1625031
-1610199
-1658197
-1445811
-1167505
-807520
-478641
-85696
-59946
354114
827811
613262
1149892
1431288
1473415
2031881
1611847
1634919
1715671
1637185
1798277
1839065
2129628
1896024
1620190
1369900
1037004
1207263
872925
1105190
594207
356792
-1854
-887448
-893525
-889714
-967685
-1169462
-806284
-1703311
-1710109
-1793127
-2034765
-1825675
-1682299
-1459819
-2020551
-1689509
-1664995
-1415735
-1432215
-1306555
-855930
-550329
-522210
-244625
106399
299215
337222
472976
1029382
884770
1610405
1749867
1700015
1793951
1766759
1856987
1802191
2141679
2073802
1474548
1764802
1712272
1218490
1374844
1103439
870659
545282
479980
-345771
-494194
-663526
-1056471
-861080
-1299139
-1418207
-1600414
-1964416
-1812697
-2042387
-1736065
-1555815
-1815993
-1636979
-1660257
-1649339
-1420679
-1437365
-1451579
-1033502
-731506
-669706
-192713
81473
510365
335883
266770
813288
968303
1593410
1716186
1855030
2212234
1911783
1559317
1868523
2119637
1850086
1821246
1646970
1501534
1232910
1223949
1099113
862728
954707
241020
-191786
-216918
-759316
-942965
-508408
-1065123
-1375462
-1612980
-1973171
-1607830
-1778398
-2124890
-1879956
-2043005
-1630799
-1494015
-1544897
-1478977
-1231056
-1261338
-1128365
-654977
-789701
-108974
-412
315386
567118
298185
811331
903928
1397195
2021169
1402963
1949687
2098007
1674368
1941344
1915800
2027452
1685698
1564776
1238472
1347446
967479
693705
751179
580302
561659
-131222
-543325
-736347
-773942
-1173685
-1636258
-1299860
-1494530
-1608654
-1684874
-1741730
-1826808
-1981926
-1558802
-1461570
-1375874
-1879647
-1383084
-1239605
-1329009
-936064
-833991
-439398
-41921
84357
133385
513455
776414
917627
1536348
1680548
1802706
2047640
1540880
1868214
1588878
1724426
1967300
1769849
1987179
1461261
1393693
873646
1084178
1183779
705138
566191
362560
-357822
-499756
-377495
-670839
-964080
-1282659
-1559317
-1648515
-1509671
-1762330
-1900350
-1438189
-1635022
-2155172
-1673029
-1764699
-1727001
-1567557
-1728031
-1497517
-781461
-1013520
-501507
-315695
-267800
359058
447226
977779
885800
1501431
1157617
1001778
1533773
1715465
1804251
2023229
2127362
1793024
2023950
1940829
1654283
1771291
1525327
1347549
919275
1233528
366371
-140492
131943
-431570
-168405
-812979
-948836
-1355377
-1744717
-1317473
-1700118
-1580226
-1555506
-2037546
-1854309
-1818465
-1838859
-1858635
-1763875
-1902719
-1666334
-825236
-1121155
-1000336
-313841
-954604
-373787
205073
714511
940184
948733
1328494
1393796
2049185
1901998
2026834
1954837
1759137
1774381
2036825
2161455
2053614
2041048
1358055
1353008
1010636
717601
684950
470813
58195
-13390
-186224
-545179
-528699
-1261544
-1419031
-1273595
-1709903
-2135293
-1640481
-1732357
-2005101
-1649030
-2154142
-2080394
-1677149
-1982029
-1548605
-1473209
-1168020
-956870
-1270093
-367298
-427347
48925
503773
396653
816790
1068419
1546854
1810946
2026628
2203788
1784269
1868523
2138177
1829692
1974510
2083896
1917139
1459201
1543661
1310057
1027116
1069243
469989
393151
107944
-419622
-690615
-525506
-721618
-888993
-976028
-1547987
-1858635
-1826087
-1728649
-1629151
-1565703
-1874703
-1694453
-2114487
-1528726
-1530168
-1735550
-1178114
-1432215
-1027425
-966140
-453303
-376156
-134106
252556
210532
640660
1077689
1541910
1549532
1962768
2089870
1877381
2095741
2097595
1673338
1956176
1514718
2124272
2069991
1593719
1327361
743969
1199641
613365
522622
201468
-172216
-448874
-646016
-677019
-1183264
-1179453
-1373299
-1419546
-1551386
-1799410
-1966270
-2205230
-2112221
-1702693
-1718349
-1812491
-1495560
-1469501
-1268857
-1350639
-1401418
-706374
-417047
-423845
82194
267182
494915
466487
1033708
1556227
1243107
1877072
2261983
2089355
2201316
1717010
2019830
2112633
2109749
2101612
1812594
1770776
1192637
1093860
869629
427244
556509
-44187
-64169
-91979
-1023099
-843982
-743763
-1650266
-1258454
-1733593
-1830825
-1837932
-2140958
-1987488
-2391557
-1743481
-2127568
-1739052
-1494736
-1798586
-1325610
-1412954
-1110237
-684023
-968509
-587409
-115875
295507
712039
713172
1034841
1092212
1632035
1791685
1740597
2074317
2158468
1837314
1769128
2399385
1977909
1773454
1730400
1385762
1511010
1176157
738407
700812
619442
70349
319403
209708
-552698
-762509
-1319224
-1043081
-1473312
-1439734
-1627194
-1710624
-1534082
-1974510
-2049906
-2122418
-1894479
-1942683
-1645322
-1628121
-1585479
-1261647
-1226833
-1051012
-572989
-465354
-222789
-386147
397477
823485
925558
1130013
1493294
1880780
1723396
2206054
1884797
2064635
1951026
2164030
