2274240
-1877690
-1588981
-1864506
-1785505
-2051451
-2305243
-1757180
-2181540
-1701457
-1567969
-1533052
-1012490
-1097568
-753033
-463088
-799074
-160371
-267079
87344
882710
845939
1561686
1723190
1234558
1332202
1753987
1988621
2381360
1872849
1851219
1895097
1554373
1770673
2060309
1492882
1274831
782491
701842
854385
604404
166654
-106193
-523343
-559908
-921335
-1099422
-875397
-1665716
-1505036
-1585170
-1636876
-2383626
-2081321
-1929911
-2335525
-2042902
-1939387
-1513997
-1544691
-1207366
-1382878
-763024
-450316
-620781
-325480
-44084
284280
938124
928545
1379376
1202628
1441691
2024053
1964622
2435332
2304007
2291750
2169592
1910753
2126435
1749764
1617512
1705680
1043596
1236309
891156
751797
60358
-136372
-94348
-752106
-802267
-1295122
-1252789
-1502461
-1485981
-1880162
-1934031
-1748631
-2160013
-1933413
-2131276
-1723602
-1616482
-1949172
-1574149
-1679518
-1525018
-1360218
-880032
-738819
-568354
-254822
90331
573607
788568
862831
1369488
1183882
1581565
1967197
1700839
2690257
2020860
1743893
2252919
1869450
2051760
1814036
1676222
1811152
1045656
728622
1048231
668676
484821
290769
-258736
-427141
-767247
-1447150
-1274728
-1125275
-1477535
-1302332
-1838344
-2070712
-2012929
-1862549
-1769025
-1513997
-1728031
-1947421
-1905088
-1530168
-860256
-1615143
-798147
-685671
-705550
-248127
-214137
554346
671663
762818
867363
1294916
1353729
1623795
1942889
1943507
1940829
2489716
1714847
2205127
2283613
1767480
2074626
1460231
1293062
1168432
1089019
374096
334647
423845
-422506
-451861
-880959
-1194388
-658582
-1415426
-1416044
-1402036
-2301329
-2030748
-1863579
-1786535
-1749867
-2026319
-1855339
-2147138
-1657064
-1366398
-1244652
-1182543
-993023
-420446
-795984
-528493
334956
398713
117523
1100761
1236000
1736168
1638936
1373814
1672308
1874806
2013238
1951644
2487450
2181849
2017358
1541086
1746674
1473724
1358982
885388
1166269
1120022
298803
187048
-626858
-899499
-839862
-1107559
-946570
-890641
-1574664
-1808474
-2223152
-1951129
-1641923
-2003247
-1956588
-2142606
-1772424
-1857811
-1803427
-1132691
-1419340
-1088710
-1087989
-743660
-323111
-272332
159238
298082
728210
1166475
1379067
1496796
2146520
1707225
1502667
1808062
1952777
2187823
2356640
1893346
1728237
1922907
1339103
1514306
1228996
1240738
1328185
692263
407674
-140698
-365238
-486675
-743763
-688040
-739025
-1260308
-1808371
-1480007
-1633271
-1675913
-1614731
-1652429
-1951953
-1821555
-2120461
-1986252
-1720718
-1750588
-1468574
-1615658
-1152364
-755711
-187048
-372242
-59843
229587
691233
1080470
868393
2091930
1713817
1478153
1964519
2093887
2211822
2136632
2560271
2016740
2150846
1622353
1368355
1851116
1540262
1002602
1341575
1016301
289018
341445
-747677
-454024
-928854
-947188
-1028661
-1534494
-1483406
-1390912
-2054335
-1856060
-1985634
-1581050
-2488686
-1662729
-1834945
-1597839
-1462085
-2094917
-1909723
-1350845
-1378037
-1524091
-539617
-692263
-222274
-314150
41303
1153703
1452197
1411821
2215736
1590835
1969669
1590011
2361481
2294840
1705886
1875012
2170931
1468677
1689921
783933
1329318
719249
642102
977985
28016
325686
-392739
-424566
-956252
-664865
-1805384
-1421812
-1048952
-2060103
-1619984
-1955352
-1980278
-1804972
-2133130
-2179583
-1568484
-1746983
-1897157
-1571368
-1342708
-1469089
-914949
-556818
-685671
-74881
-349994
4532
651578
919275
1347858
1352287
1545721
1889741
2140237
1974510
2105320
2454387
1830413
1808268
1721954
1877896
1688788
1574252
1611744
1169668
1177187
167787
357307
215579
-93009
-247303
-108871
-736965
-818026
-1347137
-1607727
-1122906
-1725044
-2009942
-1861622
-1775308
-2129834
-1567145
-1807547
-2152803
-1697234
-1965652
-1492470
-1386380
-1185633
-1058943
-307146
-497902
-124939
424257
414987
1235794
835227
1603092
1706710
1522134
1768716
1947112
2425444
2243237
2549868
1910959
2047743
2157850
1505242
2072360
1924555
1111679
717498
487087
237312
195906
-347728
-560732
-1294813
-859535
-1298624
-1565085
-1000233
-1600826
-1766450
-2420294
-1811873
-1443339
-1591659
-1816405
-2009015
-1651193
-1937327
-1725250
-1712478
-1013726
-599769
-910932
-360191
62933
-73027
-156045
424463
513455
1287500
1182131
1377831
2351490
1475269
1794775
1829383
1871819
1979042
2041872
2435538
1597633
1678591
1444987
972011
1195418
736347
623356
524579
-120304
122055
-268418
-1090255
-875088
-1082633
-1120434
-903928
-1754605
-2104393
-1901689
-2027864
-1620602
-1590732
-1779634
-1809710
-2166090
-1687861
-1716083
-1286779
-1173582
-960578
-351333
-626549
105266
265534
219905
527669
951617
1179865
1834224
1535936
1828456
2050524
1461467
1911680
2345825
2060309
1764184
1976364
1432524
1503182
1507096
1416559
1351669
803709
554758
569384
670221
119686
-651784
-453509
-716777
-1250420
-1123730
-1290487
-1219005
-1983780
-2164854
-1984913
-1922907
-1767068
-1930838
-1699912
-1847408
-1506066
-1842876
-1644704
-1115696
-1284307
-722133
-242256
-148526
-500992
1957
362663
642514
963668
1377728
1851837
1990887
1923010
1990990
2109440
1904779
2088531
1947524
1856266
2006234
2080497
1302435
1210147
1156072
474109
638188
505215
195597
46659
-164594
-766835
-1041948
-1017743
-1023614
-1607521
-1615349
-1662523
-1875939
-2009221
-2093166
-1822894
-1938666
-1649751
-1002499
-1522340
-1872540
-1478874
-1656549
-600181
-682066
-766217
32136
88580
571650
281911
944819
1188208
1110546
1659433
1606697
2197093
2041254
1537172
2046198
2224388
1708255
1739979
1535009
1432833
1377419
1196242
772088
802576
970157
-24617
234531
-93215
-52427
-526433
-1122288
-747677
-1687346
-1359806
-1558390
-1854824
-1503182
-2192458
-2140546
-1737713
-1691363
-1579299
-2014165
-1580741
-1182543
-1525636
-913816
-1181719
-542501
-441973
-427862
170362
178808
450522
694735
1097465
1013829
1795702
1623898
1364956
2168356
1775720
1973892
1847717
1622559
1800749
1672205
1763669
1313147
1684359
999203
710494
606361
155015
498829
172834
-429098
-713584
-710185
-1125996
-1437159
-1281629
-1473003
-2019418
-1608139
-2374253
-1926203
-1786226
-2371472
-1513791
-1993256
-1797865
-1404817
-1496487
-1124760
-791040
-945849
-787538
-391503
-4017
150689
647149
747780
990345
1149686
1321181
2133439
2162073
2136838
2542864
1757489
1806414
2641744
1581565
1767583
2114075
1703311
1200259
1061415
709258
738407
506966
13596
77250
-470298
-534570
-984165
-1074290
-1131661
-1251347
-1667364
-2159704
-1819495
-2068137
-2129113
-2222122
-1906324
-2309775
-1841949
-1733078
-1558390
-1119507
-1203967
-1011666
-605331
-690306
-579375
291078
67259
783109
851192
728725
1442824
1558287
1901277
2036619
2026834
1932280
2088325
2153215
1880780
2113560
1906530
2006131
1138665
753342
1099731
739540
899499
265328
11227
-380997
-266564
-811228
-1136605
-634068
-1399667
-1761403
-1520383
-1737507
-1841949
-1888299
-1490101
-1945773
-2102951
-1461158
-1515645
-1213031
-1404611
-994980
-1044523
-801649
-604610
-588336
249569
115257
462367
667646
967273
1133412
1159471
1753575
1826705
1771291
1877587
1598045
1931147
1785505
1718143
2558417
1937430
1222095
896100
1159471
814833
594722
712554
606979
85696
-499962
-646119
-797323
-787332
-1047201
-1394620
-1439322
-1370724
-1498135
-1830825
-1427889
-1927027
-2118195
-1485054
-1947730
-1665510
-1617100
-1197066
-1304907
-1139695
-841716
-898057
-294374
-124115
349685
692984
807829
708949
1332202
1166578
1271947
1903337
1956279
1892213
2062678
1813830
1964828
2278257
2098625
2137868
1938872
1252789
1055132
1727619
1146287
810301
633450
-241638
-103206
-738922
-800207
-541574
-1301714
-990860
-1302435
-1865845
-1794157
-1827323
-1894067
-1665819
-1935061
-2391454
-2220165
-2007985
-1663656
-1443854
-1671381
-979015
-1358570
-1014138
-686907
-687422
195597
253483
686804
663732
908975
1372166
1426962
2105526
2211822
1646661
1782621
1976879
2246533
2387334
2032911
1695895
1417383
1313765
1625546
1285646
1315516
990139
140183
196421
97335
-690409
-549196
-487190
-914537
-1139386
-1653253
-1903337
-2080806
-1885518
-1795084
-2350460
-2055159
-2117680
-2124684
-1912813
-2027555
-1393899
-1519147
-1247021
-1117138
-1053896
-185709
-138329
288503
589881
342990
648076
911241
1674574
1860180
1957000
1897981
1813933
2205745
2588802
2175463
2188029
1606594
1960708
2024156
1464248
1535730
912580
617897
398610
161710
-177572
-115154
-558260
-1063475
-654050
-1251347
-1326022
-1180998
-2071639
-1547472
-2097801
-1988106
-1737610
-2173918
-1831237
-2017873
-1351463
-1558493
-1535833
-1454875
-1262162
-783418
-698855
-415914
-100116
88580
135754
630978
1106941
1731842
1203864
1545000
1838859
1976982
2195960
1795496
2541731
1669630
1583110
1821349
1805590
1788492
1336734
1013005
472461
661981
355556
268212
413545
-427347
-765805
-694838
-716571
-629330
-1233425
-1401624
-1235588
-2032705
-1812594
-2070918
-1783548
-1545000
-2078746
-1634095
-2102745
-1666437
-1719791
-1392663
-636849
-1152261
-363899
-280057
-431364
-279336
192404
720176
837081
1098392
1135987
1286676
1634198
2151670
1680960
2194312
1990269
1784475
1812285
1671896
2132100
1524812
1722366
1247742
1052763
727695
837390
472564
173349
185297
-697413
-468341
-1090976
-1211383
-1105911
-1708976
-1416868
-1560656
-1970081
-1657476
-2185454
-2268266
-1913225
-2460979
-1560244
-1659948
-1731636
-1314074
-1343532
-684435
-584010
-647149
-663114
117214
155324
324656
777650
1227657
1255261
1280496
1577548
1951232
2526796
2061957
2327491
2036928
1708461
2053717
1871819
1758725
1650987
1450961
1070273
890950
640763
340518
153882
332793
-354011
-799589
-1070994
-1416250
-1114357
-1377007
-1327258
-1663450
-1934340
-1645528
-2135808
-2243443
-1894273
-1958545
-1839992
-1950408
-1737816
-1056986
-1152982
-965625
-702666
-686495
-380070
168920
312502
336604
1222919
750046
1419443
1924761
1494221
2050215
2054953
2088016
1828868
2243546
2046507
2236233
2017976
1446017
1650266
1342914
902898
885903
536218
658685
753857
-412206
-72512
-592044
-960269
-880650
-1090667
-1229305
-1931456
-1393590
-1917036
-1958648
-1574973
-1765420
-1857399
-1934649
-1751927
-1636979
-1274831
-1496487
-1122906
-1039270
-1358879
-331248
-373787
128853
608009
510880
804018
1038343
1164106
1343120
1992535
1815066
1752648
1966064
1927748
1806929
2140237
1917963
1878205
2376416
1286367
907224
904649
688452
785169
101352
-119892
275834
-314356
-901868
-587615
-1417898
-1258042
-1363411
-1338485
-1216430
-2187102
-1610714
-1756356
-1867596
-1605564
-1963180
-1574767
-1617821
-1140931
-1136914
-1320151
-987873
-753548
-881165
-99086
266358
350818
968097
826060
822661
1040712
1863373
1642129
1659021
2531431
1668188
1568278
2093166
1502049
2049700
1716907
1400697
1585788
1340442
1139592
867981
665380
429201
-223510
-78383
-117111
-1049467
-1114254
-1018464
-1140519
-1212928
-1346416
-1879235
-2050421
-1848232
-1763360
-1749970
-1994080
-1734314
-2283819
-1670557
-1503285
-1388337
-384911
-1190165
-934107
-198584
-459998
-233604
259869
545282
678152
985195
1416456
1376080
1895200
1809092
1714538
2177832
2369721
1911577
1859562
1896642
1626370
1723190
1526460
1265252
927927
703696
572577
417562
35432
-410867
-312090
-469680
-1022275
-1220962
-986534
-1625443
-1560553
-1573325
-1752030
-2038576
-2162691
-1518529
-2077407
-1942374
-1490204
-1988312
-1721748
-1201804
-1404302
-1267621
-546003
-504185
-277070
358234
454642
466281
771573
1280084
1357334
1052351
1853176
2036413
2298239
2282274
1961635
2019727
1847305
2022817
1708152
1553652
1269784
858093
1239708
1107662
300039
361015
-3090
-360500
-491413
-648591
-777444
-1097053
-1016198
-1392869
-1654283
-1644395
-2100891
-1946803
-1607006
-1685492
-2074626
-1448798
-1794260
-2076892
-1240120
-1266488
-1126511
-1104057
-646840
-523755
52221
23175
401597
734287
642308
1098495
1109104
1605049
1686625
1798895
1714229
1879647
1633786
2294016
2040018
1880471
2211513
1843906
1072024
976131
1203658
838626
814215
455878
217742
-201674
-249260
-1074290
-1063063
-905061
-1442000
-1434069
-1602577
-1765729
-1898805
-1965137
-2077098
-1833400
-1620190
-2000672
-1218593
-1155042
-1699603
-1260617
-1624619
-1095199
-554140
-585967
160680
282735
217021
579993
550432
912477
1528108
1735447
1526460
2041563
2144666
1533876
1681990
1924658
1685904
2384656
2189471
1421400
1699603
1290487
787641
805666
795057
479568
162534
-45835
-615219
-1020112
-1343017
-1359497
-973453
-1256600
-1562819
-1728855
-1732769
-1867493
-1914461
-1704032
-1673338
-1388646
-1731327
-1646249
-1633271
-1640069
-1360321
-1018567
-687834
-355041
-66023
18025
533231
858093
733566
1401315
1445605
1648103
2075553
1530065
1814139
1767171
1672411
1819083
1883561
2205539
1710830
1607418
1392972
1018670
1166681
879208
1056059
451655
350303
-385529
-998585
-901456
-848617
-1190886
-1190268
-865303
-2056910
-1667879
-2005719
-1954425
-1846893
-1603195
-1621323
-2103775
-1639554
-1662832
-1297800
-1519971
-1149171
-758492
-523137
-551256
23381
148114
370388
419210
666719
1054205
937197
1873158
1764802
1822070
1911268
1815787
1845451
1839683
2276197
1911268
1456420
2018594
1537996
1186560
1376183
1082221
751488
532407
315798
-569384
-513455
-834609
-1065638
-995289
-1473003
-1501534
-1814654
-1992020
-1833709
-2114075
-1599075
-1649957
-1929911
-1480213
-1766347
-1623589
-1343429
-1556639
-1426035
-883328
-704211
-510468
-104339
286237
535497
265122
452994
946261
1079852
1740185
1858635
1996758
2223564
1786123
1631005
2054335
2001599
1895921
1822894
1674780
1472900
1113842
1309439
949660
951926
780019
-109180
-106193
-269757
-1045347
-780740
-604301
-1295740
-1419649
-1887269
-1922701
-1615452
-2047331
-2063296
-1977188
-2002423
-1539129
-1498135
-1576827
-1485157
-1156278
-1348888
-915773
-592868
-673929
0
76426
482658
529935
382439
896306
1066359
1680342
1996964
1416971
2210998
1996243
1732563
1899835
2042696
2081630
1594234
1468574
1207160
1371033
791761
692366
724399
617588
355350
-274701
-713069
-750664
-858505
-1442000
-1595264
-1314486
-1788183
-1640069
-1776853
-1804148
-1881398
-1948142
-1570544
-1304804
-1612980
-1945258
-1119198
-1403787
-1221477
-923086
-666925
-307146
38625
139256
223922
720588
832549
1023408
1723705
1729885
1956279
2032499
1573840
2048876
1452918
1827014
1959472
1804354
1943198
1423357
1291826
847690
1210147
1033708
558672
570414
166757
-612541
-365032
-476478
-687113
-1138459
-1429743
-1561892
-1807650
-1640172
-1887166
-1935679
-1236103
-1892522
-2210895
-1638421
-1819495
-1708873
-1569823
-1756459
-1257527
-791143
-1065226
-256367
-412721
-36668
400670
672487
1039682
1003529
1590938
1035150
1203349
1667570
1771188
1792509
2214809
2051863
1846172
2040224
1841434
1767171
1661493
1528005
1236000
927824
1282041
-25132
-83430
43672
-402112
-351436
-990448
-971290
-1696719
-1657579
-1300787
-1838962
-1554579
-1690642
-2210380
-1843597
-1885415
-1811255
-1816714
-1768922
-1871510
-1604740
-678152
-1262883
-889096
-244419
-1112812
-22557
406747
838420
964389
1068110
1412851
1576827
2229435
1916109
2065253
1961326
1820010
1720100
2254670
2098213
2124684
1933310
1244652
1461982
767556
690100
728725
346080
-49955
-46659
-432600
-529832
-686083
-1484745
-1331481
-1348373
-2016122
-2125199
-1584449
-1906427
-2047537
-1616276
-2341808
-1988003
-1737713
-2081321
-1348991
-1516881
-983341
-1053072
-1256291
-97129
-448977
218669
641999
492546
1013314
1160501
1674265
2007573
2057837
2247254
1750588
2038164
2207599
1746571
2169077
2131276
1781694
1442103
1474136
1260102
1083972
870865
421270
316828
-2987
-605743
-725944
-564749
-865097
-966449
-1185324
-1680239
-1919405
-1844627
-1803118
-1586612
-1720100
-1903234
-1831958
-2170416
-1249287
-1791376
-1569308
-1152776
-1476917
-910829
-891980
-297773
-356380
-9270
272744
277070
807623
1362072
1540365
1677973
2196063
2088222
1944640
2129216
2052275
1782003
1931353
1563746
2306788
1906324
1531919
1163694
751900
1107765
497284
498211
131119
-267079
-602447
-696280
-869835
-1296358
-1299757
-1428507
-1441588
-1695586
-1875012
-2105732
-2258481
-1985119
-1719482
-1884282
-1791170
-1439528
-1519044
-1213958
-1385865
-1197581
-567530
-431055
-295713
137814
402936
536939
584525
1290590
1618954
1307482
2156511
2232628
2226242
2123757
1743790
2321414
1977600
2210071
2031057
1796114
1738434
1041124
1073569
778268
397683
451964
-212386
3914
-299524
-1325404
-642720
-1048643
-1814654
-1168638
-2081939
-1775102
-2016740
-2165266
-2060515
-2357979
-1763978
-2233040
-1554373
-1619675
-1781385
-1294813
-1380612
-896924
-650651
-1106426
-333411
-20909
466487
812361
792688
1133927
1191504
1827838
1851940
1850910
2209762
2089767
1744923
2031469
2484566
1880471
1800955
1686831
1380921
1484539
936579
777856
713687
411073
-20806
401494
206
-609760
-1042978
-1363720
-1051321
-1652532
-1446944
-1890874
-1518838
-1773454
-2041048
-2105217
-2139001
-1893758
-1933310
-1672926
-1694556
-1456420
-1286676
-1221683
-894761
-492340
-370903
-228969
-411691
802370
817717
955428
1215297
1706813
1967197
1870377
2231495
1924452
2120564
1981411
2298033
