2359833
-1299036
-1663759
-1731327
-1793333
-1627194
-2219547
-1864918
-1998406
-1908281
-1497723
-1543661
-1245785
-1031236
-928133
-451758
-637261
-629536
-98468
-232471
554861
757256
1131043
1666334
1441794
1033914
1632859
1714023
2170107
2102230
1529962
1852970
1713302
1508126
2029306
1691466
1199950
1026498
585555
855724
746029
426214
84666
-283662
-663114
-599151
-1097362
-808653
-1199538
-1602989
-1346931
-1529859
-1910753
-2293707
-1778810
-2172476
-1991402
-2013753
-1614525
-1481243
-1317473
-1264840
-1159368
-450831
-513764
-515618
-125969
-17201
656625
897748
897233
1436026
1068419
1776853
1957309
2113457
2297106
2133542
2172373
1991505
1866360
1910032
1592586
1624722
1292238
1082118
1039991
823176
408601
-164594
5871
-411691
-656625
-1022584
-1231159
-1328700
-1459922
-1496384
-1928366
-1676428
-1905500
-1941344
-1903234
-2039297
-1435717
-1774999
-1639245
-1500195
-1597633
-1480522
-1118580
-729034
-696486
-404687
22248
338046
612953
581847
1089122
1357231
1100761
1927542
1630593
2135293
2460155
1524812
2059588
1974922
1710315
1952571
1648103
1674883
1532537
663423
913095
970775
364414
502228
15965
-430437
-408704
-1121670
-1392972
-944407
-1406774
-1271638
-1449416
-2056601
-1880986
-1788904
-1725044
-1508744
-1522958
-2020860
-1730194
-1742554
-1017228
-1208705
-1286985
-506142
-905267
-450934
-232677
222171
524785
754990
695765
1070582
1261853
1328185
1775514
1951232
1657167
2202346
2034147
1651605
2485287
1744614
1941962
1705577
1257733
1192946
1134648
700091
302202
511910
-139153
-456393
-453818
-1141652
-852016
-899293
-1534288
-1147832
-1881501
-2177729
-1638524
-1861828
-1660360
-1885106
-1904470
-1856678
-1839271
-1456523
-1256085
-1147420
-1105499
-548681
-726459
-752106
-11227
473491
66435
593486
1230850
1336734
1790037
1283277
1492779
1687037
1930117
1750073
2239529
2243340
1990990
1707843
1576827
1538511
1326022
1079646
895791
1421400
483070
229175
-130295
-822661
-765290
-911653
-1060076
-732742
-1182646
-1705680
-1834842
-2153936
-1597633
-1732254
-2008500
-1958133
-1910341
-1657991
-1799307
-1320460
-1260823
-1258763
-1089946
-921953
-444548
-374199
12051
179323
440531
918245
1259278
1404302
1784578
1918890
1358776
1631932
1849983
1887990
2222740
2154039
1630181
1923319
1415529
1270711
1483921
1023408
1320151
1051321
490486
257191
-272023
-476169
-626240
-533334
-694117
-956046
-1577857
-1531301
-1379479
-1618954
-1596088
-1497826
-1732666
-1801470
-1899320
-2118916
-1599693
-1753987
-1584243
-1486187
-1343223
-964698
-408189
-300142
-232780
189314
272332
999306
844085
1444678
2032808
1282144
1829074
1947112
2043520
1954219
2398149
2238602
1934443
1889947
1210971
1676119
1802603
998379
1213340
1197581
361839
374611
-278924
-570929
-605743
-807932
-1014653
-1074084
-1661905
-1245373
-1705577
-1713817
-2039091
-1588569
-2140237
-1720924
-1668188
-1794466
-1411100
-1776338
-1969566
-1507096
-1259278
-1633477
-890229
-691336
-515515
-176748
-109180
510262
1635537
928648
2132512
1624722
1691878
1534288
2012826
2313174
2060309
1247227
2231701
1646146
1629769
1088813
962535
1060694
503773
1048334
396653
73851
9476
-275422
-762097
-717910
-1032575
-1857296
-790422
-1688273
-1862343
-1521413
-2066695
-1758519
-1849365
-2105114
-1823100
-1448798
-1890874
-1468368
-1341678
-1429640
-1237339
-472255
-829047
-354732
-334235
-244831
521077
734699
1076556
1323653
1365265
1616791
1902616
1930323
1948451
2308539
2012414
1615864
1707740
1676840
1803118
1459098
1667364
1301302
1123730
677019
220626
449080
141213
-242153
-138535
-264504
-937506
-941317
-1420782
-1242798
-1306761
-1883355
-1959369
-1639863
-1929499
-1804766
-1419134
-2164133
-1675604
-1900144
-1741112
-1298830
-1271020
-1095405
-644265
-350921
-502434
195288
311472
816378
1063681
1024850
1807032
1444266
1546545
1789419
2100685
2256112
2294943
2151361
1776132
2201316
1677561
1723293
2020963
1467853
742321
606258
222892
320227
-61491
-410249
-828532
-1186457
-839862
-1405023
-1111267
-1344974
-1611538
-2053099
-1954940
-1569720
-1471252
-1617306
-1900762
-1709388
-1815684
-1787874
-1537172
-1466926
-714202
-835433
-596370
30076
-90022
-219596
181795
533643
809580
1212207
1010739
2061236
1796320
1382054
1889226
1779634
1901792
1862137
2195033
2020551
1532434
1510186
1002911
1080367
989830
593795
628300
165830
-26471
95069
-726459
-1038858
-768277
-1116726
-950690
-1248051
-2107174
-1704547
-1821143
-1836387
-1412233
-1724941
-1674677
-1923937
-1925379
-1499989
-1536245
-1125275
-1219726
-535806
-479156
-313429
264195
235767
306219
790834
901147
1455390
1719173
1417383
2065459
1562922
1549017
2199153
2096874
1656446
1915594
1560347
1311190
1538820
1349300
1454257
1100761
577006
533437
669500
387795
-238239
-620575
-442076
-954913
-1095508
-1112091
-1250832
-1488350
-2147138
-1839374
-2012002
-1637597
-1791479
-1682093
-1721851
-1772527
-1523473
-1792509
-1167505
-1249184
-1009194
-456599
-143273
-349170
-401906
237106
531686
796396
989727
1590835
1959678
1816611
1834121
2048155
1926100
1928778
1969978
1802088
1730503
2078437
1682093
998585
1289766
717292
556097
601005
286546
120304
-309
-483379
-794542
-986225
-965522
-1170595
-1626473
-1535421
-1705474
-1801676
-2023435
-1892831
-1733799
-1734211
-1241871
-1085311
-1827220
-1536760
-1479904
-1191916
-413957
-949248
-238445
-31209
197245
496769
561350
1106632
989006
1335395
1604122
1818362
2050936
1629563
1679003
2225521
1860283
1563746
1639451
1271123
1359703
1310881
1037828
641793
995392
385941
52118
151204
-175718
-90640
-931944
-760037
-1196448
-1582286
-1204894
-1720409
-1533155
-1759343
-2176287
-1808062
-1666334
-1628224
-1660772
-1857502
-1186354
-1310675
-1155969
-1050600
-963153
-359161
-592559
-60770
233810
267285
347625
960887
1009194
1341266
1828559
1081191
1771909
2003659
1599487
2043211
1576827
1677973
1657579
1624001
1388955
1557875
1350021
642102
821219
305086
373684
401597
-213313
-635613
-651578
-820395
-1219005
-1284513
-1145978
-1826808
-1740288
-1821246
-2267236
-1521001
-2193797
-1841537
-1628121
-1969669
-1427580
-1330245
-1344459
-834609
-879826
-922159
-523034
-209708
53869
378319
729446
815451
1044626
1028867
1773454
2076068
1976673
2286497
2155996
1457656
2381154
2080703
1403169
2108513
1788698
1225906
1176569
875397
586894
733360
105163
239475
-134106
-693911
-606773
-932974
-974689
-1246506
-1279672
-2008603
-1794260
-1862652
-2074832
-2070403
-1838447
-2060515
-2100376
-1638730
-1718452
-1159368
-1144742
-1023717
-835330
-532407
-806696
-42951
143273
237209
973144
581229
1100040
1520795
1614731
1845039
1969463
1811461
1977497
2070506
1871922
1993462
1885827
1876763
1629357
632729
1086032
867981
675886
676195
180250
-152440
-344844
-365753
-1103851
-669088
-1033399
-1684668
-1407392
-1564364
-1736992
-1719482
-1677046
-1486496
-2093372
-1746674
-1418928
-1244652
-1307276
-1181513
-914434
-1042772
-470195
-702563
-169950
198172
164594
614292
677843
1072436
1084075
1430464
1773660
1669218
1719894
1707740
1605152
1931868
1601856
2059176
2307509
1419443
976543
1057192
961093
589366
768071
554140
431055
-305189
-493061
-643132
-834094
-806387
-1197890
-1401006
-1306349
-1296667
-1591453
-1539438
-1522752
-2233658
-1631005
-1575385
-1785711
-1527181
-1424490
-1108280
-1234455
-905061
-1055338
-448977
-183958
83842
526124
668161
683302
1044626
1311602
978397
1605152
1903028
1716392
1855648
1932795
1714023
2147447
2074626
2014680
1998612
1597633
981693
1424490
1451270
788259
861492
38419
-155633
-246479
-945849
-495430
-845527
-1222198
-950999
-1505757
-1843700
-1651296
-1793848
-1662111
-1634713
-2187308
-2285879
-1963386
-1881192
-1346004
-1590114
-1322520
-974483
-1420473
-632008
-725223
-289842
260796
404996
635407
690615
1113224
1346004
1740185
2146829
1739464
1614216
1801882
2028688
2236336
2217693
1724735
1483818
1283277
1414293
1444266
1239090
1171522
492443
85284
248642
-265740
-644780
-299627
-733051
-951720
-1269887
-1847099
-1834945
-1922289
-1696410
-1954528
-2220062
-1905912
-2121285
-1755841
-1968845
-1749352
-1374844
-1473209
-998173
-1085620
-620266
-176748
12875
541883
296640
449080
771367
1348682
1708152
1769128
1807856
1761300
1887784
2417822
2239117
2153730
1819804
1544176
2050318
1577445
1463218
1280702
695456
383881
371315
-98365
-137093
-176027
-908975
-742424
-873337
-1428198
-969642
-1623177
-1821143
-1522649
-2181025
-1571059
-1895097
-1994595
-1832782
-1562098
-1383084
-1573737
-1417177
-1475887
-835021
-762406
-505215
-265843
-94966
84460
368534
809065
1402242
1464351
1186251
1725559
1700633
2149919
1866463
2109543
2118504
1368664
1671278
1708770
1806620
1500504
1176878
608833
566294
566191
224437
434042
-9064
-721618
-551977
-667955
-587924
-841201
-1445502
-1082118
-1572707
-1914255
-1852043
-1913019
-1486393
-1766759
-1746983
-1816817
-1877999
-1559214
-1641614
-781461
-971908
-763024
-249672
-437441
-293241
-55002
502846
669191
973144
1006001
1143300
1356613
1948451
1875939
1664686
2129010
1611950
1916830
1641820
1928160
1681578
1463836
1494942
1113842
878075
671354
706889
266152
369152
-302305
-572680
-659200
-1270505
-961505
-1399358
-1522443
-1257115
-1771497
-1782209
-1681887
-2341293
-1875218
-2103466
-2098728
-1356407
-1770261
-1398225
-1236824
-1097980
-632935
-438368
-768380
-192507
133385
73027
542707
1009503
1232807
1089946
1468265
1564055
2205745
2182364
2105732
2257039
1641099
1752339
1928675
1721542
1619366
1510598
1147729
1016095
744896
492649
216197
267388
91876
-612438
-853561
-1253510
-1111473
-1169050
-1272874
-1334365
-1908487
-1652429
-1654901
-2242619
-1927748
-1862652
-1867184
-1786638
-1920847
-1219829
-1066050
-1199950
-650651
-637982
-607082
-151719
365547
172319
840789
997658
788877
1891492
1550253
1691054
1921568
2093063
1811667
2005513
2098110
1986252
2216457
1460643
1526975
1458171
984886
919584
752209
398610
939154
117523
-279027
-81267
-944613
-772294
-965625
-1068316
-1678900
-1548090
-1511937
-1904985
-1583007
-1669733
-1696925
-1853279
-1841331
-1661390
-1317988
-1318503
-1381539
-877766
-1368973
-750973
-120304
-370388
458659
441664
571341
955737
1077792
1122494
1696307
1852661
1653871
1833915
1859665
1756768
1845348
2035692
1741112
2215324
1773763
789495
1061518
701945
744072
522107
-202086
71173
181383
-748192
-514485
-889920
-1528005
-1070685
-1457450
-1113636
-1597221
-1943919
-1321181
-1879029
-1660257
-1644189
-1754399
-1538717
-1312735
-1096126
-1189444
-1101791
-837802
-782697
-553522
159753
164079
645501
856548
779813
883534
1416147
1727825
1502049
2047125
2069991
1328391
1924967
1636773
1646043
1995213
1322520
1461055
1529653
1085311
963050
797323
504906
118759
-186121
39037
-555479
-1188414
-871277
-953780
-1186766
-1152261
-1613598
-1963386
-1653459
-1874291
-1575385
-1780561
-1846687
-1916933
-2024465
-1365574
-1555403
-678667
-663732
-1257527
-430540
-293653
-529317
102588
355556
512837
857475
1173582
1257012
1571471
1822173
1646455
1873261
2236542
2022714
1759343
1872643
1629357
1583213
1639863
1317473
1059252
755917
522828
514485
338458
-305086
-371006
-263577
-707095
-1135060
-978191
-1325816
-1551386
-1370106
-1624413
-1822791
-2136632
-1675810
-1666746
-2080188
-1497929
-1676634
-1870274
-1440764
-1247742
-1390500
-800619
-433630
-417665
77765
368637
311781
635922
950690
1364441
1072951
1277818
2040430
2066386
2290823
1913225
1869656
1843288
1933516
1862446
1502667
1296358
976440
1039991
1313662
527772
333617
296949
-285207
-284383
-516339
-747162
-913919
-999100
-1180895
-1485569
-1395856
-1802294
-1972244
-1754502
-1548605
-1905912
-1744923
-1337249
-2050936
-1471973
-1107250
-1277818
-1082221
-843055
-664144
-231132
121437
66538
790422
455981
810095
1115490
1261441
1599281
1698367
1551077
1818259
1674677
1841125
2307303
1706298
2076480
1834636
1356098
943892
1172243
913404
903104
563101
289945
-28634
-109180
-585761
-1193873
-716159
-1209632
-1399461
-1398431
-1572810
-1779016
-1848438
-1906942
-1933207
-1577033
-1869141
-1634713
-888993
-1463012
-1417898
-1320769
-1539129
-689585
-631390
-269448
402215
97026
351436
624180
662805
1191504
1606285
1412645
1712375
2142503
1645837
1471355
1854927
1689509
1918169
2313174
1574252
1551592
1552828
872410
786405
839656
592353
378731
40582
-353084
-696074
-1178011
-1344871
-1039270
-1062342
-1370415
-1520692
-1681372
-1631314
-1888814
-1670042
-1762742
-1483200
-1413160
-1629048
-1526048
-1599178
-1417589
-1212413
-854179
-573298
-262444
-69525
294477
832858
648385
1007649
1543043
1297594
1887578
1716804
1494530
1778810
1609066
1732666
1762948
1966476
1944434
1511113
1460437
1071200
1129086
908975
1041742
790937
337840
171495
-821219
-850162
-875397
-921644
-1239399
-785581
-1497208
-1849262
-1582492
-2069476
-1693114
-1773248
-1434584
-1881604
-1738434
-1652532
-1427168
-1368252
-1343429
-902177
-650342
-526227
-270787
151616
165212
358131
393769
1048231
867981
1335910
1853691
1612980
1761197
1714744
1783136
1806620
2089458
2084308
1482273
1578475
1890050
1112503
1280290
1237751
863037
607288
512013
-125557
-543325
-560629
-1095096
-878899
-1198920
-1408628
-1443854
-1991711
-1774484
-1871922
-1890050
-1445090
-1782518
-1564158
-1542528
-1729164
-1334468
-1341575
-1571677
-1097053
-712966
-680315
-209502
17098
329600
480804
189829
776517
978912
1338691
1743893
1756871
2086471
1939181
1580432
1827632
2048052
1768716
1809092
1641820
1433966
1236412
1135884
1150819
881474
940905
331660
-199511
-60667
-684847
-1027528
-366783
-899602
-1376183
-1543661
-2021272
-1601753
-1573737
-2200801
-1752133
-1941859
-1743584
-1393796
-1585067
-1461879
-1234249
-1165548
-1178526
-602241
-829768
-293447
37801
114433
646119
363384
580508
1021863
1149686
1910135
1567866
1662420
2167738
1628018
1898084
1913534
1964107
1661699
1548605
1287397
1234558
993950
699679
753548
590911
506863
32754
-388104
-697001
-728931
-1089534
-1601238
-1221683
-1430979
-1778913
-1492367
-1761918
-1707225
-1945155
-1623589
-1323241
-1288736
-1876866
-1451682
-1152570
-1329627
-875191
-870144
-593589
-89610
90228
33166
444342
824515
867260
1431597
1673029
1608963
2080909
1561377
1723499
1807135
1467441
1980793
1730297
1828971
1548399
1363205
909593
933180
1167711
829768
550741
406026
-198069
-577624
-316004
-615013
-850883
-1254334
-1409246
-1598148
-1654386
-1628533
-1840301
-1504212
-1427065
-2197299
-1725456
-1550768
-1813418
-1507920
-1621941
-1625855
-804945
-1072436
-679182
-33784
-447432
235355
420755
837184
894555
1329936
1276479
964389
1459304
1623692
1643880
1929602
2146108
1772527
1911989
1901071
1692805
1738537
1499371
1367119
927309
1137532
647973
-301172
264813
-290460
-232471
-614189
-1081294
-1143609
-1737404
-1359394
-1435614
-1695792
-1475990
-2020345
-1914770
-1621426
-1824130
-1697852
-1788080
-1896436
-1649648
-1025880
-905988
-1130425
-316210
-795778
-647973
250908
471328
975513
919996
1297079
1320769
1961120
1897672
1977085
1921877
1723293
1756871
1928469
2172888
1994904
2037237
1378037
1303053
1125996
657758
674650
630669
68804
-83636
-37698
-594104
-392945
-1148347
-1465381
-1138974
-1641614
-2058970
-1728546
-1605976
-1986046
-1638936
-1988106
-2173403
-1600517
-2008191
-1625340
-1228584
-1375565
-745823
-1312632
-666719
-148732
-233810
553522
474212
615219
1014756
1366913
1832988
2022405
2030027
1971935
1713508
2120770
1825572
1878102
2063399
1824851
1525739
1425005
1368561
1074084
1002190
557127
360706
195494
-341548
-710082
-470813
-625004
-937918
-884667
-1475887
-1786226
-1753884
-1765832
-1636155
-1468162
-1852558
-1661596
-2023538
-1630181
-1284101
-1879750
-1144948
-1377728
-1179041
-809271
-554140
-358852
-217845
171083
229381
496563
960578
1508023
1502667
1865227
2044447
1908281
1943198
2211822
1686934
1834636
1567145
1773248
2229641
1464763
1430361
795469
1056780
740055
497284
284692
-168405
-345668
-649312
-610275
-1111679
-1235073
-1268548
-1364750
-1468677
-1751927
-1944949
-2119225
-2059382
-1704650
-1597118
-1869244
-1488659
-1450240
-1367428
-1197890
-1355995
-783521
-405820
-472976
-26059
205073
395932
592456
851295
1525224
1240944
1615761
2263837
2035486
2272386
1712169
1862343
2198329
1926100
2081630
1816302
1705268
1362072
1016816
967685
481834
422197
184576
-280984
91361
-859226
-1142476
-429201
-1627091
-1313559
-1469501
-2044447
-1608139
-2145181
-1930529
-2222122
-1941138
-1944331
-1845451
-1479183
-1689921
-1370209
-1292341
-1238472
-620266
-910108
-752621
-61594
81164
657140
764775
912477
1045965
1472488
1827426
1735550
1916006
2123242
1923731
1700221
2318015
1989754
1606594
1850704
1359188
1388028
1219005
775899
795572
625519
80031
243595
419004
-565882
-666616
-1222713
-1094169
-1270608
-1509774
-1549223
-1674471
-1481037
-1951953
-1952571
-2118298
-1783136
-1983574
-1682608
-1514924
-1623486
-1364338
-1147420
-1134545
-519841
-479259
-265534
-351642
99704
953162
730579
1184500
1339721
1787977
1699191
2098625
1969669
1920538
1980484
2021066
