2397325
-1167814
-1732563
-1863785
-1869553
-1655828
-2156099
-2129216
-2113251
-2126023
-1659330
-1610508
-1464351
-1083663
-1089328
-630360
-604713
-846557
-161092
-280984
339797
757668
1032163
1687140
1579814
1158956
1583213
1754193
2152185
2307612
1672514
1871716
1941550
1614937
2027761
1980175
1354553
1161531
730682
810507
907430
603477
121540
-90640
-702872
-605537
-1046583
-927515
-965316
-1688067
-1454051
-1655519
-1815993
-2335319
-2065356
-2131276
-2138383
-2158777
-1868008
-1581462
-1507302
-1303156
-1339309
-617897
-506039
-645398
-263165
-131119
508099
882195
809786
1505345
1159471
1701663
2027143
2107071
2366219
2325328
2277433
2157026
1950408
2045065
1819083
1681681
1526151
1179453
1178526
884770
605125
-80134
11433
-260693
-619957
-923910
-1292959
-1301096
-1509362
-1491852
-1930735
-1835254
-1898702
-2038782
-2017770
-2185145
-1720203
-1710521
-1788389
-1567042
-1717319
-1619160
-1402345
-910829
-738716
-484203
-103206
200232
514382
488323
979942
1453845
1186663
1871304
1800852
2091312
2564597
1790552
2040430
2118092
1866463
2063399
1877072
1741318
1745644
950896
834609
1159780
514691
557230
167375
-361633
-420034
-941420
-1424593
-1069655
-1285440
-1439734
-1445811
-2038679
-1951541
-1883664
-1906942
-1686110
-1617718
-2069064
-1831031
-1905603
-1310469
-1073363
-1539850
-724502
-896409
-598224
-291284
30179
497387
741394
756741
920820
1349403
1298830
1772630
2077304
1752236
2216251
2236027
1734520
2514024
1986355
2129113
1893552
1391736
1313456
1255467
888993
387898
568148
79207
-397889
-424978
-1030206
-1008473
-760140
-1504315
-1284719
-1753369
-2247151
-1777059
-1979969
-1832782
-1856884
-2088428
-1946803
-1996037
-1677149
-1427477
-1251141
-1147317
-757462
-708949
-830180
-351951
336501
231235
418386
1115696
1348579
1866463
1412027
1448901
1732769
2032499
1893449
2134469
2485802
2216869
1906427
1700530
1543352
1466102
1340339
977161
1442000
769822
313429
20703
-686907
-814524
-813391
-1134648
-869217
-949866
-1743275
-1884385
-2235821
-1848438
-1738022
-2050730
-2160013
-2020963
-1792818
-1825778
-1614010
-1378552
-1352390
-1207263
-1059149
-658170
-398095
-134621
83327
268521
886521
1227554
1504212
1636773
2057219
1577136
1555712
1896024
1905294
2326770
2407625
1874600
1968742
1648618
1232292
1600826
1215606
1348579
1290899
619648
364929
-170671
-457835
-635407
-502640
-673723
-919790
-1393487
-1753060
-1445296
-1583522
-1714332
-1664480
-1675398
-1889432
-1978012
-2294737
-1813109
-1836799
-1768922
-1504624
-1524812
-1080367
-655183
-321463
-296434
40170
224128
900426
989933
1183470
2090900
1566836
1728958
1930632
2156408
2124581
2385480
2505784
2045477
2080600
1369900
1692290
1906530
1296564
1296358
1025777
645604
142655
61903
-639115
-462779
-733978
-1070685
-1102512
-1554373
-1491543
-1441691
-1911577
-2074935
-1933825
-1911680
-1919302
-1857708
-1927130
-1704547
-1720409
-2166399
-1680857
-1560759
-1492161
-1388543
-614601
-782491
2884
-235046
430952
1367016
1353626
1752545
1935061
1502564
1794363
1813830
2448516
2263425
1463939
2044035
2047331
1705886
1269166
960475
1143506
695662
956767
839038
105163
141213
-170259
-636025
-807520
-893525
-1885724
-980148
-1488453
-2000157
-1567969
-2095741
-1952056
-1833400
-2187514
-2137559
-1500195
-1908075
-1640687
-1523473
-1533773
-1365265
-697413
-858299
-441664
-379349
-289121
386250
701121
969642
1421915
1414602
1541086
1838550
2109852
2075553
2260541
2227272
1758622
1783136
1796423
1932383
1746159
1710521
1495663
1244343
1012490
231853
509644
270478
-132355
-237003
-75396
-1013726
-922571
-1185942
-1470016
-1323241
-1851219
-2095947
-1774278
-1875218
-2019212
-1584964
-2172476
-1840713
-1968845
-1998921
-1392560
-1349403
-1173479
-961814
-327231
-579066
-1648
372448
640248
1206645
892392
1746777
1542219
1554167
1832061
2071021
2459228
2284231
2429049
1866772
2250962
1928881
1709697
2132821
1778192
1027734
601417
358028
351642
99601
-262341
-709155
-1221374
-887860
-1215709
-1276170
-1338382
-1686625
-1939181
-2152700
-1828250
-1548502
-1618748
-2005616
-1894788
-1890153
-1955043
-1670351
-1753575
-903207
-777444
-823485
-146878
-43672
-255131
-55929
498005
648900
1237236
1147626
1770467
2083381
1475784
1931662
1844524
1998612
2020242
2220371
2278257
1699500
1588672
1230644
1193152
1124657
731918
721927
411382
-32960
127720
-488735
-1034532
-895791
-1074496
-1015168
-1134545
-2034662
-1933619
-1818053
-2048979
-1576621
-1729061
-1808783
-1926821
-2078334
-1652120
-1703002
-1250626
-1332820
-750767
-493164
-447535
169847
184473
299421
606670
895688
1362381
1871201
1454257
1977703
1853691
1603195
2063399
2278772
1905912
1927645
1776441
1367119
1665201
1491955
1546030
1396886
736862
590499
717704
539926
-71997
-655595
-446608
-816172
-1084281
-1141343
-1323756
-1396680
-2228405
-2060000
-2033838
-1786535
-1868523
-1819495
-1862549
-1956485
-1593410
-1893964
-1409864
-1245476
-1184191
-718528
-288091
-221862
-468650
101764
439604
808756
895997
1445296
2084514
1908178
1932795
2052893
2080909
2008706
2074214
2010457
1787153
2103775
1961532
1244858
1276788
897645
695868
627991
408704
205382
50882
-344226
-806902
-956767
-1062342
-1093757
-1610199
-1610199
-1745644
-1838344
-2086059
-2107689
-1839992
-1767274
-1501534
-1186560
-1732151
-1737713
-1604637
-1494427
-553419
-910314
-544767
-123085
103103
529111
481731
1000748
1012799
1269784
1641820
1776544
2155378
1881398
1702693
2166811
2125817
1766038
1691672
1391736
1466617
1520177
1267003
741497
965419
666307
100631
180971
-125248
37286
-778886
-952853
-1081912
-1612980
-1297182
-1653665
-1733387
-1710933
-2164545
-2088428
-1865742
-1764390
-1640481
-1981205
-1464351
-1331893
-1293474
-1161222
-1158441
-554964
-596061
-198378
184782
253380
280366
805357
1073054
1307585
1824027
1316855
1591968
2160734
1738537
2116547
1841949
1692393
1842361
1736168
1525636
1605152
1636155
785581
940596
482761
416738
431364
-92185
-548063
-697928
-712039
-1156999
-1334777
-1251450
-1705680
-1889638
-1841846
-2389394
-1725765
-2074111
-2176596
-1726486
-2014474
-1647485
-1411203
-1407598
-1106632
-897851
-1046686
-724090
-290872
10197
303129
684126
791864
1020833
1074599
1533464
2152288
2128598
2296179
2401033
1628224
2208526
2394441
1644910
2092548
1899526
1498032
1315928
1041742
603477
806696
290975
186327
74057
-603683
-630051
-864582
-1024953
-1245888
-1220550
-1973171
-1919096
-1961326
-2169798
-2135087
-1997273
-2100170
-2262910
-1743687
-1942065
-1386895
-1109207
-1178732
-1013520
-620163
-821528
-366989
164697
113815
830283
758286
956355
1544588
1623486
1857502
2070918
1972141
1975849
2198947
2068240
1986252
2050215
1974201
1932486
899396
1010739
1089740
739437
778062
372139
-44290
-359676
-288709
-974689
-850780
-928339
-1556742
-1566630
-1595470
-1763772
-1762330
-1927748
-1551592
-2017358
-1997891
-1613289
-1337249
-1384629
-1418722
-958724
-1171625
-632626
-762921
-459998
193125
104236
529214
580714
1106529
1108074
1321902
1892007
1723499
1759446
1809710
1669836
2034250
1859150
1934340
2446765
1823306
1158544
1086547
1077998
775590
793203
592456
648694
-94245
-431055
-649518
-818644
-869835
-1138562
-1415014
-1384835
-1351875
-1531301
-1667364
-1562510
-2229950
-1997891
-1542013
-1905397
-1643983
-1646249
-1217769
-1335601
-1075114
-1110340
-650651
-235664
-108974
428068
568766
772603
901868
1346313
1135987
1503388
1883046
1857914
1862652
2074214
1799513
2188647
2240044
2096874
2189265
1871819
1154836
1342193
1610405
1021760
871586
257809
-96717
-126175
-883019
-625210
-633347
-1290590
-1042463
-1375771
-1890874
-1801882
-1773351
-1850601
-1734417
-2122521
-2504445
-2143018
-2051039
-1497105
-1628533
-1661081
-1014035
-1480522
-867054
-760861
-548166
170877
328158
567736
734081
1040506
1380509
1665716
2105114
1927233
1779737
1877381
2008603
2283922
2453151
1992947
1581050
1437674
1411821
1561171
1403993
1237957
739746
169023
224025
-36565
-551359
-401597
-635716
-910829
-1251862
-1809195
-1925173
-2014886
-1856266
-1914152
-2326358
-2079467
-2181746
-1937224
-2000466
-2021993
-1513791
-1557051
-1157411
-1076350
-824412
-354629
-122467
390473
390267
465560
742630
1254231
1699603
1791273
1874497
1866257
1951335
2347782
2490334
2316367
2044550
1622765
2035898
1850807
1571471
1486187
944819
424154
387898
59019
-76941
-128441
-695353
-892392
-802061
-1346828
-1237648
-1405641
-2022405
-1448283
-2149095
-1875630
-1859974
-2135808
-1872025
-1817641
-1509877
-1628945
-1522443
-1620808
-1049364
-848102
-647767
-345565
-206412
68392
247612
727386
1213855
1590011
1279363
1645116
1793230
2175360
2065253
1983677
2389497
1624516
1616276
1816302
1878926
1789625
1330863
800310
620987
648900
383675
380585
166448
-557436
-579581
-651578
-628506
-763539
-1424902
-1242592
-1464145
-2016019
-1954425
-2040018
-1720512
-1620396
-1925894
-1932486
-2034765
-1720409
-1719379
-1110237
-918966
-978191
-419519
-432909
-333102
-215270
353908
644574
938845
1017434
1153909
1387513
1816508
2025804
1730709
2197093
1782209
2034044
1831134
1921774
1901998
1545103
1708461
1212619
1087062
701327
751900
451861
369976
-21218
-661466
-601417
-1171522
-1101585
-1281114
-1547472
-1399358
-1756253
-1927439
-1759446
-2358494
-2098316
-2042387
-2408037
-1597530
-1727928
-1580432
-1337352
-1305010
-827605
-455466
-752209
-417768
73130
59122
451346
871071
1273698
1227245
1438395
1563128
2132718
2398149
2203788
2345928
1846069
1786123
1995007
1921568
1820010
1640584
1346416
1103336
898675
601932
335059
273877
150483
-450934
-790113
-1187178
-1280805
-1148553
-1292650
-1382466
-1892831
-1858738
-1580432
-2290514
-2153112
-2045065
-1998097
-1878102
-2030954
-1457244
-1207572
-1238266
-871277
-694014
-702151
-303026
224128
245964
646222
1089637
763539
1734417
1782003
1613186
1990784
2159704
2054644
1984295
2245915
2060206
2311732
1771291
1586097
1615967
1216739
1004868
820498
526227
890641
488632
-307249
-78486
-773942
-895997
-956458
-1082015
-1517602
-1785608
-1529756
-1878102
-1753884
-1721748
-1829486
-1866978
-1991402
-1853485
-1467235
-1408113
-1595676
-982826
-1258145
-1061621
-247612
-409219
261723
345153
494606
915876
1171419
1136193
1605770
1985428
1737198
1914564
1952571
1829177
1933619
2137353
1907972
2220268
2051657
1082015
1120743
811434
761891
781770
-84769
-30591
322081
-552595
-656934
-710082
-1548811
-1208911
-1482685
-1313250
-1384114
-1993874
-1505654
-1869244
-1902822
-1706298
-1884282
-1673132
-1497620
-1221992
-1184500
-1234867
-1086650
-797426
-679079
-93318
168096
527051
824515
795160
839759
1307070
1766656
1696204
1936400
2237572
1573325
1807547
1880883
1615143
2211101
1546957
1524709
1653665
1294195
1085929
846042
597915
279542
-55414
-68186
-304674
-1097671
-1048540
-864685
-1231262
-1258248
-1556845
-2009633
-1745541
-2002217
-1708976
-1775308
-2046198
-1971832
-2192767
-1567969
-1614319
-1036283
-595752
-1238369
-814318
-312399
-581744
-129574
275525
539308
891980
1077071
1320357
1540674
1882016
1735344
1943610
2200595
2243443
1949378
1943198
1783033
1690333
1794157
1469707
1249287
944716
590499
498726
429922
-82091
-347831
-299936
-600284
-991993
-1097156
-1303465
-1501843
-1504006
-1674368
-1833812
-2181128
-1985325
-1684153
-2110161
-1802500
-1673750
-1906118
-1715362
-1373608
-1471870
-1042772
-526227
-477817
-77250
285722
258324
598327
861183
1290590
1264428
1197993
2055365
2131379
2410200
2147035
1841743
2010663
2045992
1984604
1662214
1434790
1121258
1057089
1395959
881886
363693
325892
-90022
-282632
-457732
-730785
-875500
-1048849
-1215606
-1402551
-1469501
-1793745
-2036825
-1939181
-1711036
-1869450
-1951232
-1503388
-1947112
-1776132
-1244652
-1406156
-1173582
-1016713
-821940
-375023
77456
-45011
653329
509129
752106
1197169
1153394
1650060
1736580
1602474
1844833
1873364
1890462
2392484
1985531
2081733
1941550
1658300
1100246
1169153
1090667
1083354
660745
312502
183958
-85387
-418077
-1190886
-859535
-1096950
-1380612
-1449931
-1551901
-1826087
-1938151
-2019315
-2126744
-1777986
-1788492
-1919920
-1128365
-1318194
-1546442
-1428507
-1804869
-913301
-660230
-482967
304674
235355
189005
607391
658788
990757
1538408
1619160
1746056
2171446
1841640
1558802
1857502
1827220
1939181
2400003
1902822
1616070
1702178
1113224
814009
882298
723575
573092
164079
-270993
-577933
-1115902
-1446223
-1212207
-1048952
-1266282
-1469089
-1787565
-1722881
-1944949
-1896951
-1858738
-1712478
-1402242
-1668806
-1632344
-1684153
-1615967
-1412233
-1063887
-710906
-339179
-100734
160680
740776
689997
868702
1489071
1392251
1846069
1909105
1550253
1783239
1749867
1793127
1915491
2034044
2148374
1721130
1506581
1214164
1217460
1050497
1056574
985092
398507
382851
-603580
-966243
-939360
-916185
-1137944
-960784
-1278951
-1911680
-1637803
-2181025
-1888093
-1885621
-1569720
-1811667
-1919714
-1778192
-1674986
-1418928
-1512452
-1089843
-760449
-534364
-447844
-9373
186533
303541
296228
971290
1015271
1220241
1797350
1745850
1816714
1745026
1900762
1966785
2121903
2256215
1774896
1503594
1952262
1393590
1337970
1291002
1011151
729446
574019
97850
-501816
-533231
-1027219
-942450
-1063990
-1446635
-1456317
-1977600
-1964107
-1888093
-2131791
-1583934
-1712478
-1833812
-1615246
-1755532
-1621220
-1402654
-1542013
-1338485
-878075
-814936
-335471
-143273
237415
583907
174688
627270
988285
1351154
1641305
1813521
2175875
2119328
1774381
1748425
2234173
1952365
1860592
1796114
1495148
1487526
1177084
1316031
958106
1032678
657449
-128544
-154809
-474933
-1026189
-575873
-709361
-1383084
-1492470
-2095123
-1772218
-1555506
-2189368
-1960502
-2006131
-1981411
-1562510
-1631417
-1539953
-1397195
-1237957
-1319224
-829768
-861389
-524476
15450
11330
577212
450728
505009
951205
1090255
1863064
1768304
1626164
2192458
1880677
2010869
1991299
1992638
1862652
1703414
1490616
1283380
1194800
824309
784448
634377
604816
216918
-289327
-690306
-720897
-1026189
-1618233
-1375153
-1331584
-1757592
-1618542
-1823512
-1765008
-2086162
-1771497
-1573325
-1337352
-1727310
-1863476
-1223228
-1396268
-1025983
-1035665
-742424
-204043
23175
10609
327643
743145
890126
1338073
1716083
1661493
2095123
1754193
1672308
2028379
1591762
2014680
1899320
1944640
1741421
1505551
1115387
890744
1247845
1047304
687834
512734
41509
-602653
-359676
-621296
-768483
-1161840
-1514409
-1583007
-1627091
-1703723
-1856987
-1786123
-1494015
-2093063
-1961429
-1697234
-1837314
-1708358
-1750794
-1715980
-1107662
-984371
-909078
-129883
-484924
107532
351024
717910
987255
1259484
1426962
979324
1419649
1633992
1790552
1964725
2204715
2005925
2026010
2059794
1808577
1887269
1687243
1451373
1136399
1066668
980045
-94039
145230
-223819
-186842
-452994
-1125172
-1003220
-1714641
-1609169
-1415941
-1798277
-1566733
-1943095
-2045065
-1763051
-1926409
-1879132
-1968124
-2004998
-1799307
-1279775
-952750
-1106941
-607391
-681757
-788568
-74675
390267
986431
979324
1176878
1380097
1856781
1981411
2096565
2037752
1821452
1914564
1928572
2237263
2214397
2133748
1668909
1335601
1330554
836772
658273
712657
209502
-27501
84151
-528699
-423948
-935652
-1573016
-1303053
-1472591
-2063399
-1976673
-1650060
-1962459
-1849056
-2038576
-2241898
-1822585
-1984501
-1889844
-1351154
-1552519
-947291
-1154630
-1013314
-260693
-231235
309412
474933
519841
978706
1367325
1764905
2108925
2130143
2127774
1797968
2109749
2038061
1930117
2075656
2039400
1750897
1535009
1513997
1173170
1129704
760655
419828
265946
-198893
-618721
-539102
-577521
-863140
-890023
-1443648
-1752545
-1912813
-1848232
-1742142
-1544382
-1864506
-1810122
-1927748
-2051966
-1339309
-1903852
-1478153
-1332202
-1377110
-940184
-747883
-438780
-309618
89095
234016
400876
807108
1457347
1624001
1761609
2138177
2018800
2067416
2285158
1851837
1870789
1777986
1721954
2349224
1781900
1581771
970878
1126202
934107
521386
342063
-46247
-238033
-638909
-571650
-998379
-1239914
-1311087
-1410997
-1497105
-1800852
-1973686
-2209865
-2265279
-1926100
-1616688
-1920950
-1752339
-1488041
-1534288
-1296564
-1539438
-1041742
-479877
-569075
-104854
93730
337016
572062
713687
1428816
1356201
1568175
2243443
2173300
2376416
1940005
1784681
2295973
2134160
2203479
1992947
1852352
1603504
1135472
1058325
617588
497181
323420
-251114
94760
-606670
-1190989
-521798
-1347755
-1552622
-1399770
-2078952
-1716598
-2167120
-2117783
-2250344
-2179892
-1960605
-2120255
-1573222
-1764802
-1485672
-1449313
-1431391
-829253
-849956
-895379
-223510
-15450
509232
803194
844085
1099628
1375668
1814345
1780252
1971008
2250138
2107895
1811667
2206569
2239632
1775823
1910959
1559111
1462909
1465793
919378
775075
809786
269139
177366
491104
-423948
-574328
-1182749
-1234146
-1158750
-1606491
-1483303
-1877381
-1538923
-1946391
-2071433
-2188956
-2005616
-2034353
-1869965
-1597015
-1759755
-1524297
-1231571
-1296564
-738304
-536733
-388207
-251114
-183958
824000
850883
1190886
1283689
1760476
1780149
2114693
2108719
2017976
2137250
2076171
