778734
486345
517334
623246
684962
731527
616989
536114
546809
483302
396219
440826
427221
306896
155147
122840
-69655
-61166
-202023
-331246
-401214
-454021
-545821
-550043
-659480
-821863
-797331
-884729
-937093
-873755
-915872
-1072817
-1167374
-1007671
-1064236
-1009442
-904687
-954880
-768396
-953358
-877058
-807678
-641748
-647638
-398238
-363582
-195233
-158610
-52486
92560
148637
191899
263467
440675
512909
580327
787608
849352
924080
998663
989245
1124300
1236651
1320644
1196595
1310953
1325825
1294655
1364153
1345242
1329334
1279748
1191168
1025838
1103617
952034
903646
879280
774108
639838
474240
304582
190729
103113
-133643
-150635
-170577
-408668
-664322
-662761
-804000
-896862
-1079248
-1173364
-1136717
-1284378
-1317629
-1485813
-1398167
-1476205
-1592944
-1519062
-1356756
-1456079
-1422045
-1262487
-1102149
-1099431
-1055641
-852680
-705032
-606378
-519303
-381488
-350369
-138719
-26470
92237
53130
260276
355164
270073
418352
529036
566660
656295
751943
828347
766950
808424
849893
901390
877744
905180
975622
916855
920671
946670
886939
782991
722255
721671
666263
611997
591643
522402
425707
505127
417641
197318
208670
220676
2889
54833
-100054
-152122
-315111
-380832
-438746
-378220
-462654
-470422
-520148
-663373
-723764
-577827
-633189
-574368
-531969
-413320
-472638
-385796
-369949
-267224
-237095
-234722
-180078
-66432
2920
12088
166079
92858
83455
231469
129840
16201
250063
165432
238996
311911
258657
205913
118272
107217
28676
148585
-26449
92538
102078
-51022
-45160
-97786
-276054
-143013
-263819
-358723
-322383
-404712
-449518
-419575
-327244
-417428
-544193
-559351
-396027
-552938
-471991
-476077
-468923
-406634
-317944
-362265
-236093
-316088
-200890
-91993
-160054
-52274
67452
28004
154265
340814
298212
504016
452170
423155
515351
635408
591803
811154
788479
972335
900640
877323
850319
1050824
916767
987303
926831
860518
791517
871332
823258
730045
636396
527046
403950
305933
318991
149136
58862
-89585
-239526
-303937
-355108
-663040
-625511
-786803
-877699
-898352
-980162
-1116435
-1099898
-1278740
-1298840
-1210489
-1330373
-1210387
-1241103
-1225848
-1110930
-1176266
-1091387
-1018702
-896217
-812892
-624137
-613012
-376098
-226804
-137592
-33847
16509
234851
377174
366328
541132
556849
500957
803088
883230
903514
1003620
952650
1094429
1121792
1083511
1107146
1186635
1065290
1203072
1244237
1014270
1007066
787551
784639
823535
754922
653582
508982
447688
381202
154627
82440
103478
-116407
-291624
-312077
-477319
-458276
-577828
-678206
-775667
-908556
-951085
-1029809
-1007252
-993577
-1062487
-1079598
-1084906
-1151877
-1069593
-1021606
-978705
-903770
-1085164
-978951
-709352
-660961
-502632
-466603
-266250
-219921
-155511
-57620
72619
152227
163904
299284
317199
529753
565656
751867
675415
807821
819898
856046
1007765
1085106
1040726
1059319
1039966
980399
947647
1014099
945695
902956
754662
809458
772199
607400
539894
401460
385019
253660
117333
-13561
-114087
-93257
-239590
-349793
-432014
-480233
-519319
-570351
-794178
-870025
-891766
-868545
-885487
-946851
-964344
-975018
-969227
-888629
-882168
-786172
-720629
-685389
-541961
-553791
-479035
-333289
-352704
-213925
-150931
-141040
-27999
190300
58149
190926
279839
222981
440193
378348
453925
503894
566760
347795
495217
462004
593628
632083
566886
539513
389655
436352
351818
347231
319685
314526
180087
223537
181750
65800
5256
-76321
-50215
-115329
-231547
-150439
-122397
-243702
-253288
-290761
-346797
-369811
-285526
-327547
-252699
-350012
-263865
-184273
-192371
-336827
-220146
-165095
-70459
-43394
20003
170456
201460
203867
234458
346486
350803
449920
420201
361950
479778
628751
591451
736698
647264
603129
572072
494706
501853
505208
429963
361118
372890
141076
58699
88516
66529
-27343
-204068
-251955
-354636
-424681
-597045
-625236
-593832
-715271
-753968
-852676
-897740
-973366
-955103
-902714
-978772
-997973
-947523
-891895
-1012130
-955863
-902458
-823756
-696095
-749186
-695407
-550954
-383711
-276648
-316158
-206959
-43646
-84625
47513
298916
423263
571355
601422
637956
670134
745301
878330
1041398
1087343
1108810
1182283
1246635
1353315
1317269
1342445
1289097
1364907
1212765
1273145
1249181
1362205
1215278
1112658
1003490
917000
815648
754124
647384
533609
337856
163679
150291
5184
-148712
-223686
-459235
-533211
-655618
-897610
-969140
-1138830
-1156611
-1172806
-1306590
-1350383
-1470578
-1554495
-1527529
-1530774
-1532579
-1339408
-1391829
-1441211
-1283939
-1248270
-1107710
-899575
-754921
-759421
-610080
-543709
-316499
-287812
-124825
67046
65214
127142
245054
267120
350472
496149
543984
680414
751979
756551
821891
873614
874284
844193
829154
853693
1029676
1027087
837881
951363
883207
860539
747282
734239
735605
668051
575210
545620
497545
407532
400170
403818
366184
203139
135403
53498
-99388
-204976
-211695
-244957
-280495
-347381
-369803
-407846
-494772
-522551
-563688
-591355
-548523
-557888
-550524
-544904
-392350
-475982
-383212
-355077
-267466
-325321
-125921
-24674
-40303
87278
35643
105639
90586
113103
114633
213931
111721
170820
229055
176371
226141
264906
81961
211167
202413
116117
-22554
33033
91029
810
-84894
-125356
-135988
-90068
-239593
-234571
-257127
-436463
-289930
-291591
-481779
-475824
-431046
-409842
-434160
-544723
-525856
-516752
-571665
-406627
-364513
-319941
-221742
-330203
-296882
-316678
-195127
-68816
3881
73112
247159
242209
274252
356906
360551
449755
572132
549630
570035
686749
845305
869626
782368
827200
816075
887072
923251
1078267
915719
873295
875253
942370
847615
726959
686047
595851
376074
398932
331011
231707
64471
-104233
-115028
-256102
-307751
-487786
-530694
-688373
-722753
-993129
-961000
-1061138
-1142977
-1313181
-1363677
-1190278
-1151173
-1164889
-1030922
-934445
-1056122
-1099601
-1013227
-1012168
-971956
-852037
-763949
-666840
-461463
-402414
-207829
-253172
-1957
59211
203636
213315
381481
393755
630867
757589
730777
883400
955268
1096183
983033
1065289
1007343
1104108
1100070
1182471
1303367
1262424
1037630
1015095
995531
989890
932745
831823
899513
701211
663454
514445
478006
356996
130016
140600
101111
-5837
-207949
-255147
-473300
-554242
-688343
-766675
-860509
-974892
-1037597
-959526
-981969
-1152625
-1150716
-1140176
-1091125
-1114224
-1086088
-1133587
-877113
-941949
-812794
-712095
-685000
-559637
-386008
-246833
-297595
-286591
-39220
109217
180324
270470
335501
459468
685340
767160
751034
815599
822467
879647
941995
980088
1173465
1148641
1074837
1107250
1073171
1008824
978853
885045
803369
805095
737885
565571
560637
562705
429860
252168
190961
151050
-60017
8519
-78019
-150857
-443343
-431528
-531924
-597131
-763194
-803205
-898859
-934949
-936347
-838656
-1096674
-855556
-993764
-1064602
-952032
-702412
-821542
-777482
-633883
-612030
-503907
-410630
-256667
-337292
-343275
-194265
-75745
-19264
20842
5264
93519
210012
325698
286730
432543
537538
561457
377972
491622
570754
503564
545167
624420
558360
493172
568672
356066
361791
342731
330385
280536
314014
172032
112747
16413
39683
23126
-3765
-94308
-117057
-193178
-116883
-287325
-208025
-266824
-287575
-412020
-279562
-290608
-296212
-340712
-390391
-296655
-204139
-45138
-103924
-166968
-176955
-151606
82477
92323
95624
141700
288147
338991
345854
502724
469094
540357
568859
549262
618995
651087
666352
639062
561296
546652
547745
456734
425246
448170
355804
177912
149786
30160
-30716
-122176
-95721
-142941
-277868
-419546
-544639
-628404
-676087
-695413
-749760
-853676
-817764
-970144
-956114
-1006277
-990354
-998481
-1078439
-940276
-1017537
-1000205
-873659
-804424
-748510
-732674
-690953
-575469
-502486
-478609
-249583
-242400
-158195
-21519
-31229
217975
281805
320082
404155
486386
671270
692932
878752
1027669
1079423
1122387
1084170
1131862
1167900
1265445
1314163
1326562
1379136
1324480
1315694
1369726
1332158
1284508
1099199
1112977
1080601
919261
801589
760099
506286
414960
292238
225130
155510
-51933
-409878
-496500
-574064
-679682
-893231
-1001977
-1169687
-1256144
-1301703
-1341696
-1297980
-1407494
-1477594
-1368022
-1493727
-1443168
-1544824
-1345627
-1258871
-1307422
-1189374
-1075269
-945809
-858750
-733501
-595044
-391371
-399515
-267178
-234010
-35565
38487
84051
171624
475099
482889
607830
652444
777988
690853
796825
815616
721892
825884
872391
919021
898909
887255
820930
889078
766610
801460
685834
770287
770337
701850
594957
618276
611145
517566
453383
413407
328557
199357
190396
66981
-32835
-66967
-182111
-343624
-301543
-318722
-345955
-419809
-502061
-607824
-544726
-640171
-506597
-527767
-569399
-422337
-363910
-563481
-591764
-487220
-316433
-308114
-220228
-105898
-184637
-38438
18183
-25388
20864
15581
134683
287907
266223
226359
289587
347136
268550
251245
187134
241087
159602
128142
159567
206531
159546
25422
31427
-52257
-210594
-206808
-111119
-339522
-428040
-217412
-377049
-465547
-470746
-516609
-563178
-389773
-572998
-555080
-468588
-468035
-554313
-448782
-386023
-452840
-361296
-283268
-322930
-325906
-195523
-171539
-39398
76319
118838
153863
182484
216142
378516
355574
352266
621039
618699
688144
732364
836706
730340
888939
818342
841139
1027788
960182
1013457
902829
945359
803404
839754
752635
827799
654714
618258
483967
577868
373941
279864
186717
-3313
-56241
-50450
-219772
-452753
-644266
-656931
-644779
-785084
-930956
-974267
-1140508
-1140041
-1202229
-1181403
-1224410
-1168789
-1179838
-1277878
-1217970
-1100102
-1122335
-1090750
-798465
-769496
-805122
-683103
-557516
-405968
-289806
-294467
-71743
-1390
118034
253132
358437
522489
755649
667333
736707
900602
861684
913450
1037227
1136412
1177746
1159330
1014292
1054848
962680
1119450
1059105
1127136
876102
899508
879278
858578
704434
680332
535272
377031
340249
290688
178660
152878
-21084
-114010
-287716
-392409
-490353
-536189
-729604
-754794
-796318
-985261
-1088365
-1005360
-1021845
-1068392
-1096134
-1089448
-1011491
-999672
-1014470
-1047578
-951426
-1022142
-808937
-654478
-658902
-620838
-558962
-476398
-303700
-229359
-88003
8208
178767
235729
311477
296615
483122
540399
672693
769419
771861
890879
917314
935978
1013432
951556
967360
964498
970516
1038134
1068879
1032812
847294
896239
753834
779918
570982
610961
480822
283179
247985
243298
12901
-108245
-145360
-221102
-336555
-361898
-514814
-560527
-649338
-779427
-728468
-786227
-821987
-923151
-883734
-878906
-861063
-957294
-869193
-723215
-758790
-721474
-672682
-666647
-566798
-437137
-296739
-252767
-300024
-106940
-79303
-115669
68881
168977
243836
331966
343598
269516
324907
486603
405640
554086
591499
596386
522738
433354
520365
552349
576938
453003
397228
358124
349472
406229
387300
321460
190933
159046
87218
99312
128756
-38716
-93607
-76972
-105411
-213822
-176708
-186758
-226503
-369427
-360566
-232690
-318446
-275039
-300245
-258553
-262441
-163441
-243173
-168991
-156219
-187008
-117921
41782
83984
179014
236608
162595
328279
333735
472855
443085
498991
489578
550142
602211
577649
619811
594351
617247
607915
502545
491780
493208
399155
364003
355486
298387
104782
120985
-113381
-262935
-272399
-283870
-340779
-569490
-560508
-689808
-708508
-825733
-773456
-836594
-1061996
-1010314
-1036599
-1038528
-1088297
-1041684
-894733
-886560
-910028
-819485
-846217
-914321
-702754
-639868
-573630
-406376
-356678
-378859
-220980
-156705
47514
25052
223769
317526
398599
511158
627584
676099
707857
850778
985906
1024866
1086997
1125336
1204879
1192804
1297042
1312588
1416331
1440470
1426703
1328720
1295550
1236952
1108129
1126722
1035152
1012834
902206
835856
643746
540019
398833
194001
56137
-61758
-154918
-267395
-440427
-616789
-748482
-934366
-1034420
-1050030
-1207790
-1297498
-1367964
-1564677
-1530846
-1502835
-1525027
-1651417
-1589536
-1440790
-1424366
-1344520
-1264380
-1228593
-1143059
-951832
-876588
-742785
-631710
-473633
-355999
-301075
-177359
-18377
33593
106805
266624
528776
480583
554620
632817
681683
791928
839799
831241
829467
917790
947302
919658
917378
918498
919586
957098
905461
870446
795596
748619
760184
679395
628904
645707
688740
568344
437899
445525
301631
270354
167913
50092
-73050
-133865
-274712
-227103
-258875
-385900
-364708
-395248
-591912
-550151
-605740
-607250
-576360
-576906
-581371
-590524
-489732
-446656
-426034
-440702
-369968
-370499
-256222
-217534
-148828
-34921
44979
63269
3110
127285
157222
193698
77707
285769
270294
248341
381687
262584
228384
218932
175442
86668
164306
26406
-31582
47550
-48000
-75818
-205080
-105103
-135291
-205522
-266737
-194528
-289145
-413421
-431107
-358118
-378122
-424684
-457936
-543249
-534638
-541149
-558259
-460703
-415326
-447908
-327037
-262909
-218813
-228370
-240198
-207889
-16232
16378
73536
185551
296369
342341
324435
387523
311500
448558
508079
584153
650762
756474
836494
956928
964995
949189
997401
885631
959219
930142
872477
896306
890981
778344
667633
784495
651800
545816
388413
346182
209612
67754
66794
-59310
-192199
-251088
-272033
-452640
-700225
-805435
-942569
-1074870
-952666
-1018302
-1210762
-1201262
-1106667
-1353892
-1441767
-1399183
-1333116
-1351657
-1147668
-1021584
-1058092
-911170
-800075
-778513
-679226
-413503
-324605
-352309
-170354
-8606
83180
117457
290123
320080
443881
493762
700390
727809
734280
935502
999004
969346
998323
1152130
1054517
1183532
1030100
1099750
1112176
1105488
1049585
1068665
987430
846174
741478
727524
624315
578967
367848
319227
275588
197147
50475
-128580
-117876
-314197
-361463
-493435
-475447
-657389
-769740
-822422
-951922
-982646
-1100542
-1051919
-1178527
-1105583
-1094040
-1100619
-1178772
-1033332
-1033262
-999160
-863246
-839549
-783286
-678575
-599676
-489194
-303583
-342026
-168968
-43995
32282
202646
214253
296219
376991
481553
579190
583951
712168
739849
863639
918693
956053
945545
969965
1012639
1019547
1020359
1074810
1074799
897468
807422
821884
921311
701919
559353
522053
445437
317007
272488
145719
99485
13681
-182825
-215139
-348552
-430038
-458377
-732385
-764328
-707859
-851996
-828036
-779295
-985512
-857008
-946783
-1019123
-834231
-889625
-838837
-806990
-692572
-696247
-636258
-543220
-483074
-423023
-157779
-140968
-183975
9072
81630
24972
147521
113735
315545
423467
507775
484041
338574
383325
573278
617752
580397
619942
514186
580611
429996
494992
461003
412187
457817
460097
421841
303205
171912
179739
241101
34168
34316
-55129
-98066
-153718
-155611
-175800
-157755
-315255
-289065
-239606
-363272
-451988
-396109
-455492
-328069
-316765
-374646
-353952
-212429
-144643
-148881
-83255
-187077
-84838
300
184820
133022
163309
203225
316337
498234
438829
506527
511714
566539
585454
672766
624980
659032
681528
665972
685699
764527
555178
505998
300712
294668
237408
171819
160814
187250
-72877
-220404
-342545
-626679
-459667
-526979
-594250
-608602
-845063
-860784
-894183
-1065266
-997584
-1020646
-1150985
-1110133
-1073973
-1162146
-960268
-1022551
-895394
-927429
-894380
-697615
-754009
-637109
-518912
-497312
-411531
-251513
-247699
-108604
72265
89232
256925
343214
339292
546291
604736
790302
895070
929256
985527
1050238
1097382
1123312
1204119
1265884
1360130
1341124
1337024
1344165
1316409
1419824
1356586
1307229
1197549
1097299
983997
845669
858598
739125
814867
571671
351281
364974
109650
124268
-15163
-287769
-454878
-749694
-746723
-743399
-960133
-1127071
-1148286
-1244842
-1292378
-1387196
-1454315
-1476145
-1504445
-1484317
-1486784
-1577778
-1444826
-1494089
-1382235
-1172282
-1060315
-1022730
-887541
-753601
-688997
-494920
-385684
-227829
-109185
-158692
-38512
130564
274900
363395
401062
440629
501016
641842
675060
736170
804600
