544263
404171
428857
366205
468200
477791
458709
464829
551244
611281
551334
481987
472752
456134
364543
360490
395310
340150
212572
186522
24851
-71192
-66327
-202591
-236782
-348361
-382527
-416224
-476861
-622747
-613079
-622724
-745720
-745421
-727898
-809817
-915726
-867726
-795164
-854171
-720579
-743827
-638016
-663114
-698505
-618540
-582505
-463489
-395713
-276529
-222919
-83692
-139993
23992
93885
103633
202373
316868
413509
442051
566301
685720
677636
806585
835855
883049
955149
1052552
1013344
990564
1085763
1048167
1063743
1033749
1054862
1004910
975619
852980
784668
828044
667951
636133
567136
472714
320769
197177
79385
-15376
-171998
-231449
-238381
-330208
-550616
-661428
-673964
-796313
-864960
-967679
-1004081
-1053718
-1087349
-1175409
-1180417
-1125953
-1223055
-1226370
-1121932
-1059451
-1090858
-988965
-851660
-835396
-829190
-614505
-534670
-431597
-320128
-217977
-220070
-90027
41720
162675
186591
236160
434963
363750
397266
515321
592186
620938
683926
731283
739025
733775
747709
741074
780680
732272
799775
767813
728184
740295
733140
647499
547252
522977
485073
464414
404365
364860
248591
220489
265270
151373
-13037
60781
-75147
-157082
-162991
-290827
-337263
-432918
-456969
-487033
-433950
-490705
-507557
-569655
-642025
-547747
-520256
-520817
-446929
-378906
-343012
-335882
-282025
-249415
-101848
-182764
-144766
-52276
40451
49278
150096
157837
122522
196435
219915
124624
134113
197089
179320
253827
255724
267124
188004
155373
98674
117334
121775
46672
143891
53449
-11837
-28828
-81104
-117302
-113688
-253730
-230851
-236719
-326834
-331570
-283866
-351871
-420828
-462233
-343024
-359878
-399426
-336130
-387249
-401193
-303416
-277059
-282465
-224215
-207012
-143930
-134505
-86568
-11798
54716
56893
168886
253602
334531
362506
353405
378154
547028
558881
565405
670776
721302
761910
748593
716038
714870
801231
727853
799092
731819
633073
649780
686109
537225
476911
389981
288861
191250
186979
86484
-5303
-152310
-245019
-352805
-338898
-531089
-615928
-696469
-774816
-773649
-847139
-868315
-915193
-993242
-1052280
-1016912
-1034476
-986717
-951181
-969529
-842691
-889428
-819151
-745491
-697920
-604659
-487705
-393941
-324525
-82446
-42604
28298
41998
213329
372511
389857
466322
526753
471977
590519
752375
768211
819301
839817
844043
937212
932593
916719
927223
924654
872141
1008947
877776
776213
697430
601465
668679
594318
560445
432625
363484
356263
192684
53444
35822
-45895
-256561
-283602
-395431
-485615
-511227
-605269
-670971
-796849
-786680
-901688
-925666
-807121
-899966
-959784
-903643
-967685
-949191
-842243
-833948
-788022
-810150
-841571
-609524
-550002
-440471
-365073
-273564
-120795
-137412
-29787
51496
182426
149980
276121
284824
392029
532245
630620
661439
643422
766504
691226
832702
895200
885867
916383
871767
825604
770311
832529
806116
712353
654178
614730
618767
489028
459312
292864
262324
201708
83924
-24895
-176132
-156294
-240659
-366326
-380849
-463082
-479218
-498543
-634194
-723469
-724301
-735452
-711410
-827660
-807591
-778948
-816837
-758433
-672405
-671930
-580616
-530498
-401753
-354488
-367572
-226776
-236340
-218663
-40556
-35415
-3899
166718
179729
145251
320017
282490
406648
439182
433649
436956
502806
441081
349731
483136
442629
534767
450998
456807
393215
338735
334926
260261
219533
224218
203199
98534
151090
72456
-68689
-101617
-129340
-141309
-227843
-209136
-184566
-252536
-279857
-323846
-338815
-382302
-364599
-349266
-333376
-335695
-316278
-235367
-216587
-247344
-298170
-120757
-101271
-97074
-8774
81395
156641
184462
166407
307635
335389
342740
432154
341998
372844
558966
558522
568694
599016
528199
565343
470466
417480
424077
441818
319260
317549
232302
43537
150876
110114
58252
-69011
-159323
-204935
-235886
-413145
-522447
-420879
-565916
-571422
-621465
-717085
-758365
-803113
-764831
-773393
-796419
-746138
-666470
-758269
-815513
-683509
-701186
-606916
-545866
-577359
-476369
-338982
-240557
-203256
-172255
-62106
-9010
1375
142487
312629
429855
467827
493689
499693
583512
695273
781964
903357
896550
906737
1017186
1097822
1034968
1087338
1050669
1076949
1011697
961174
1010808
1013629
992089
874048
825701
685008
622429
546561
479286
336124
218874
62960
6832
-63713
-205313
-263472
-385240
-553913
-549565
-734202
-840904
-946898
-996470
-960660
-1053311
-1103943
-1154056
-1227323
-1211285
-1178137
-1178721
-1078377
-1002030
-1108107
-1005164
-907537
-831939
-692589
-515984
-514369
-476619
-359048
-216501
-104706
-77373
122780
166109
189449
306458
383156
406181
470468
538538
574025
662363
724698
727977
766520
748187
754159
740475
736257
788279
900239
744361
699998
734273
647591
626000
549499
592552
524752
446376
371577
344668
257682
204650
238497
175404
81735
-7979
-75154
-183745
-285426
-328080
-326032
-331504
-445999
-420545
-387093
-504694
-498425
-492396
-556672
-478692
-495977
-452525
-427133
-382561
-336195
-309697
-284228
-235009
-201364
-160780
49368
-25390
62373
103966
84313
149958
178452
138726
175781
173256
115147
201325
204980
197395
268131
191778
163227
253887
218672
122973
75606
106229
66336
17064
-79058
-80889
-30431
-93827
-170136
-135987
-267274
-237674
-170037
-303584
-384187
-369964
-344271
-325917
-421077
-438793
-370548
-464694
-407910
-271636
-307667
-200629
-240693
-279975
-249853
-236255
-134442
-38977
-14269
75053
207644
208259
209457
256880
318648
405041
459176
434152
534835
649546
720762
665466
665017
640704
741058
742975
799892
796555
657297
705417
705795
693949
568520
483659
442912
310626
206244
181690
71724
-8692
-211651
-227730
-273414
-354012
-499873
-588068
-630540
-672119
-657709
-729717
-512860
-648213
-659782
-877389
-911986
-891115
-952406
-1044274
-941066
-978800
-902720
-831026
-696716
-742047
-693733
-557712
-528372
-367491
-272751
-180717
-73671
-44174
168671
250739
329276
304908
333151
494094
625946
610157
710555
821156
911392
874536
974166
994255
907133
1036014
949224
1063876
1022402
943069
820610
852254
820350
793218
688721
710149
616758
538067
443153
323667
259124
61644
20580
15898
-78000
-156663
-266123
-377107
-518749
-627606
-672017
-721775
-812879
-880811
-866496
-902214
-946712
-1010628
-971217
-925890
-940449
-866527
-856773
-710652
-680006
-661618
-628546
-615341
-569690
-402612
-267291
-255514
-220635
-68712
196168
169256
282899
294913
409253
483923
707536
654817
723057
743889
762454
844641
846330
946675
929831
885854
823858
828389
834840
767922
697388
673695
659733
678884
558241
416181
523282
372746
301021
95584
135853
-67460
-114388
-177294
-226464
-439325
-494575
-517147
-571723
-663006
-707629
-770534
-822488
-811132
-703825
-829275
-773846
-681175
-823580
-775615
-628305
-581772
-676613
-507178
-501308
-485295
-367324
-211087
-204869
-263868
-101820
-7104
90081
176526
130777
171633
252908
353677
314338
400995
501714
480445
418987
381255
493337
440477
477527
455996
434613
411776
439517
394344
249312
285041
309774
236513
225468
209664
85142
11316
-52189
-70127
-27150
-115563
-157317
-213690
-166056
-224155
-276072
-231622
-305058
-356373
-397217
-260481
-341273
-380863
-406177
-352383
-297652
-122520
-94721
-162405
-123569
-163162
-17246
126348
88172
132610
205121
330744
285928
365717
423112
422381
454569
485170
521702
499207
548378
531023
458662
458790
485846
461115
366010
342822
331956
231979
174503
124714
74602
10841
-37880
-16084
-121690
-237867
-320558
-433238
-529130
-547281
-546822
-644379
-707933
-734462
-863925
-838827
-861365
-805092
-868017
-795983
-807198
-807036
-690169
-656837
-589597
-564093
-531048
-445143
-395105
-333616
-263128
-157103
-142236
-16443
-36289
93356
241824
229611
332015
337518
488669
568049
660236
827147
874142
954300
906759
928072
963311
1020009
1084493
1057857
1061047
1054086
987069
1009469
1024297
997044
875571
800424
796902
708085
597006
538925
403500
222346
137943
67862
-3946
-86994
-328839
-494431
-514226
-610156
-707313
-831075
-933445
-1045067
-1054444
-1087523
-1112262
-1112838
-1192879
-1121589
-1159708
-1159374
-1145537
-1160893
-971487
-997969
-904167
-808137
-686950
-665178
-550353
-418270
-264379
-196026
-110370
-59621
-1486
134611
168442
234582
370481
484076
546705
581102
641879
696537
661124
817075
662095
668590
789501
833900
762006
771969
717219
714052
657700
623676
592888
609608
651861
567366
499072
414267
434961
339428
278930
238064
167787
55167
18688
-32979
-140518
-148501
-194835
-366731
-434575
-403442
-384416
-461089
-547889
-585126
-589943
-557439
-498307
-436934
-480736
-395046
-329245
-383109
-481094
-435204
-267767
-246526
-204008
-78671
-63357
-44069
64704
53784
67873
68609
105713
214412
264226
250169
216467
351136
279197
199907
239819
249238
192895
126504
184504
174282
172396
124167
79640
67542
-23426
-90351
-31044
-97984
-318772
-158541
-122674
-325419
-387747
-346908
-417737
-367654
-324649
-471066
-419992
-335301
-437820
-458887
-349911
-368996
-377351
-229025
-229437
-353857
-248549
-145367
-128165
6426
137465
108345
124403
164084
257160
295777
245837
391311
468799
552766
555594
615838
635715
659045
738317
684147
817151
786500
821980
764327
730754
696521
625292
613847
577796
572798
473160
374590
329800
304072
97515
101463
-46957
-153936
-150909
-196554
-385034
-534843
-652522
-617858
-632559
-769042
-834236
-865846
-988012
-960004
-964126
-931569
-954735
-937418
-980704
-993696
-888327
-858795
-844362
-716515
-511795
-560133
-534848
-339607
-256293
-167902
-115882
-34187
72625
177048
288986
339559
436197
587088
657145
606736
735358
748444
750961
815861
930570
941488
991853
880996
797209
798183
868566
894828
835071
777281
682666
753838
682610
642111
495337
479892
343361
245888
221290
135566
54886
-14177
-145887
-233133
-384169
-428730
-470126
-591820
-677276
-702265
-808451
-934785
-964879
-846369
-881385
-960022
-950289
-865997
-853411
-810083
-848848
-796528
-814503
-756067
-579295
-517528
-523833
-476593
-353903
-262116
-177276
-60614
56777
138218
245961
364251
351359
342860
512226
559076
677311
699277
775207
829849
834323
839277
861319
847046
852734
818902
867450
826120
872748
710433
675338
671904
606350
506588
407126
394468
236676
161999
157587
30648
-138020
-184035
-199212
-323540
-360149
-396153
-526280
-529960
-675735
-668677
-673995
-665457
-756624
-763147
-727334
-707093
-734351
-729669
-580220
-588469
-565285
-479240
-492254
-434186
-310197
-231119
-179515
-173701
-78799
58562
2171
25387
175376
273394
309593
370635
336238
278293
423411
410391
404589
535787
541634
482144
414709
420898
430663
477730
427536
326132
328716
280764
352730
290151
246883
179685
102919
92050
26855
37788
-14209
-76447
-176742
-165096
-205252
-292659
-206047
-258774
-368278
-398561
-325369
-328577
-327769
-304761
-302964
-272455
-222165
-216858
-258512
-157512
-170317
-130944
-33320
89284
80457
188375
186448
209298
301656
389979
403163
382418
429244
418287
521436
518260
531853
521188
492653
542800
484878
438611
451485
361606
301394
301805
303472
204451
156458
43183
-170998
-154225
-205814
-191517
-335438
-431549
-493216
-542820
-624986
-686093
-597961
-778840
-819489
-828853
-836104
-821018
-891510
-759225
-682132
-739657
-710967
-578944
-671433
-619543
-468460
-472962
-371537
-285267
-290064
-189637
-156094
-25435
41880
109747
217542
309843
410949
462011
529379
564042
628573
751785
806901
905450
922388
960787
972318
999271
1061709
1083772
1205279
1116180
1105036
1043589
974949
888270
832426
811180
746265
671574
592012
506244
318182
290863
147196
4490
-132127
-198383
-279478
-420436
-560409
-682205
-778025
-913706
-939491
-962992
-1088090
-1090862
-1191488
-1266047
-1207516
-1206425
-1266182
-1282779
-1085550
-1075250
-1038343
-961720
-935178
-861112
-699431
-603906
-565104
-468155
-281146
-198456
-134799
-52087
47592
159474
215054
230140
466608
567599
492258
596910
645613
704990
724968
799855
769270
777160
812545
795038
760333
748904
814196
796769
791808
706423
664697
621816
583092
533196
434123
431886
439226
390740
271740
233875
147838
103244
27560
-71100
-156715
-245272
-309090
-372900
-330118
-437462
-468761
-451768
-556688
-612764
-553266
-586142
-546326
-549220
-508209
-508131
-448237
-406382
-365476
-345184
-297893
-281217
-212319
-115093
-119935
-20240
74290
85833
44823
136889
201681
187760
133265
192249
274697
202632
321223
279200
243998
250528
217521
188887
135912
163223
31771
63919
85087
-6659
-60074
-58987
-13564
-107114
-146373
-153195
-140784
-300639
-356266
-296143
-313267
-331604
-353588
-418233
-461182
-427117
-450761
-410810
-349888
-383445
-318743
-250824
-218625
-200838
-196934
-184614
-118279
-45649
10029
95324
140824
256911
263591
261639
252287
328905
439576
489691
535751
584317
702254
742392
772062
759152
796155
776194
766259
812037
731186
729937
720920
661760
516927
508368
529762
389097
290322
222110
169195
18222
-30108
-101648
-252604
-312109
-321679
-388560
-600592
-707455
-763560
-947075
-880304
-819636
-948088
-1020580
-906688
-1006089
-1132510
-1114812
-1025340
-1027239
-976225
-724546
-821274
-724613
-570725
-583975
-547736
-345381
-161011
-228383
-101859
65921
104921
167740
311616
319354
414627
514576
565809
672596
618202
740063
784116
807781
794330
898985
928211
934514
892344
819763
924775
908758
877951
869284
811354
730455
587469
591582
528621
435613
346008
191485
251598
117767
55321
-89254
-166827
-270479
-312102
-391719
-455944
-516216
-688753
-674437
-815266
-833375
-903737
-931907
-971025
-989026
-887794
-933229
-946035
-928264
-803695
-847012
-717565
-658981
-663797
-560068
-484840
-431964
-272368
-167102
-138162
-61209
81566
166324
192032
259281
372265
383196
504933
526823
596807
669894
728860
816859
768463
830538
800284
868867
844480
846009
878754
907599
825848
639083
623997
666929
626703
452563
356596
339208
237831
163650
105230
21121
-33242
-189230
-261663
-320319
-438264
-386642
-587331
-714747
-650500
-677516
-715330
-692498
-780134
-799271
-719821
-835613
-765183
-668546
-653768
-676784
-557590
-489209
-502870
-410800
-339014
-337381
-172284
4817
-51023
9615
154278
142331
162570
188494
282407
382828
416814
527819
349594
354448
493804
530816
512439
517137
482609
497206
451722
311251
362277
336400
315591
299777
309340
246062
106008
84419
169289
41548
-35105
-69412
-114196
-170854
-196513
-199497
-215809
-303446
-352865
-272950
-314005
-442015
-461801
-401056
-458951
-350407
-321100
-384109
-335150
-169749
-181265
-125426
-142499
-133226
-34329
79635
172337
88308
195305
217081
329719
396247
427046
432986
430701
503369
529859
571866
589917
585669
585965
567262
623080
529780
458428
352508
207953
299927
178195
158157
191777
107122
-92715
-161816
-397108
-437163
-337550
-464573
-454860
-602381
-678099
-672552
-790134
-835198
-797728
-877622
-934483
-820553
-898693
-827159
-786978
-786498
-685946
-719254
-540246
-556853
-521217
-472513
-398311
-304655
-288761
-184486
-159896
35716
148096
142998
251852
280037
363131
459271
620887
672875
705321
815483
842927
867456
908022
966519
1045345
1084762
1130605
1087891
1056046
1046110
1112790
1113550
1038206
975487
836024
784154
666626
630001
553156
518089
423409
206118
187092
46174
-28592
-79909
-299019
-403542
-629917
-714480
-660329
-753128
-918012
-1016652
-1031832
-1077562
-1130319
-1144901
-1153881
-1212940
-1205664
-1153653
-1199152
-1113685
-1098725
-1077927
-906524
-837269
-707831
-692344
-559884
-458688
-379584
-207745
-107904
-28955
12225
34607
136475
288379
371743
376706
475756
485002
