2291
2285
2272
2282
2295
2268
2266
2232
2217
2208
2195
2167
2129
2112
2068
2018
1975
1911
1861
1844
1783
1764
1720
1706
1677
1659
1645
1630
1627
1633
1623
1627
1653
1674
1702
1755
1762
1793
1884
1939
1965
2007
2066
2104
2137
2189
2206
2265
2297
2323
2342
2409
2451
2430
2451
2456
2459
2473
2464
2420
2457
2433
2393
2385
2377
2345
2319
2266
2244
2191
2167
2162
2114
2116
2080
2004
1975
1962
1924
1867
1849
1837
1779
1757
1730
1688
1688
1648
1609
1617
1608
1604
1588
1598
1626
1583
1600
1636
1646
1698
1702
1746
1789
1809
1897
1990
2049
2068
2078
2112
2196
2250
2321
2365
2400
2445
2454
2482
2526
2565
2549
2512
2524
2482
2480
2499
2512
2472
2439
2405
2390
2332
2266
2267
2179
2133
2130
2069
2032
1988
1916
1837
1835
1816
1786
1769
1759
1692
1702
1680
1620
1670
1710
1684
1676
1685
1674
1704
1748
1747
1738
1801
1817
1813
1855
1893
1912
1989
2029
2030
2021
2085
2081
2101
2161
2215
2255
2328
2257
2227
2387
2321
2300
2446
2370
2352
2326
2344
2324
2456
2349
2271
2265
2266
2220
2263
2173
2069
2061
2078
2044
2052
2052
1946
1918
1860
1824
1856
1944
1838
1822
1948
1830
1777
1908
1864
1894
2035
1936
1914
2008
1931
1922
2100
2072
2025
2102
2120
2084
2144
2237
2180
2178
2275
2229
2235
2242
2239
2197
2357
2282
2215
2211
2193
2161
2299
2212
2152
2136
2116
2072
2083
2107
1967
1913
1960
1934
1908
1969
1839
1800
1797
1748
1770
1884
1752
1710
1696
1692
1721
1844
1761
1751
1774
1764
1786
1918
1927
1886
1934
1966
1991
2056
2102
2104
2186
2236
2234
2312
2351
2365
2392
2414
2454
2444
2435
2483
2442
2480
2504
2437
2435
2437
2410
2368
2365
2353
2345
2304
2252
2188
2176
2128
2080
2068
2036
1970
1903
1835
1829
1755
1710
1682
1637
1595
1564
1532
1543
1515
1497
1491
1505
1558
1527
1552
1606
1615
1680
1718
1755
1803
1841
1884
1933
1965
2035
2094
2144
2180
2177
2219
2263
2320
2334
2353
2392
2416
2431
2460
2466
2460
2468
2439
2418
2442
2413
2353
2345
2370
2328
2296
2242
2230
2212
2212
2148
2122
2112
2061
2036
2000
1988
1973
1960
1924
1885
1883
1858
1840
1795
1765
1731
1737
1744
1758
1756
1740
1735
1704
1706
1719
1729
1735
1778
1793
1826
1892
1910
1910
1969
2028
2025
2060
2133
2170
2212
2241
2244
2268
2309
2299
2338
2363
2350
2328
2368
2307
2246
2257
2228
2212
2225
2202
2140
2139
2078
2018
2026
1975
1937
1920
1930
1921
1890
1877
1832
1836
1835
1824
1825
1834
1812
1774
1772
1839
1856
1878
1925
1936
1937
1986
1971
2017
2069
2080
2093
2138
2140
2176
2215
2236
2230
2260
2242
2239
2260
2244
2247
2296
2317
2320
2299
2295
2304
2270
2250
2224
2221
2215
2213
2179
2137
2149
2105
2019
1987
1972
1928
1919
1854
1755
1756
1725
1708
1677
1676
1658
1622
1608
1609
1626
1657
1685
1690
1702
1733
1776
1818
1879
1913
1937
1996
2042
2050
2090
2168
2210
2262
2292
2328
2357
2416
2424
2427
2476
2477
2437
2461
2488
2504
2473
2439
2415
2410
2402
2362
2325
2314
2253
2208
2193
2152
2114
2055
2044
2033
1975
1953
1913
1881
1858
1833
1774
1764
1757
1721
1689
1671
1650
1604
1580
1558
1578
1616
1617
1596
1607
1634
1658
1681
1717
1776
1806
1858
1898
1953
1988
2068
2153
2203
2245
2270
2334
2406
2393
2416
2465
2504
2549
2544
2569
2557
2550
2518
2496
2472
2435
2412
2416
2422
2326
2281
2231
2212
2202
2150
2060
2016
2007
1970
1936
1924
1878
1845
1790
1751
1751
1736
1712
1722
1708
1673
1689
1661
1648
1646
1661
1701
1719
1770
1775
1761
1792
1815
1836
1918
1964
1963
2005
2008
2024
2096
2085
2097
2157
2199
2220
2234
2266
2287
2311
2343
2330
2365
2352
2366
2365
2380
2350
2325
2289
2277
2263
2237
2202
2165
2137
2107
2065
2010
2005
1971
1927
1890
1883
1864
1830
1838
1847
1880
1840
1807
1796
1822
1839
1846
1905
1890
1914
1940
1925
1934
1973
1995
2016
2056
2091
2090
2113
2143
2127
2150
2196
2201
2227
2253
2227
2246
2266
2278
2284
2254
2246
2212
2204
2190
2173
2145
2145
2129
2086
2028
1979
1951
1934
1943
1935
1898
1890
1819
1793
1772
1766
1762
1762
1730
1701
1735
1732
1715
1697
1749
1788
1750
1758
1788
1797
1820
1867
1901
1966
2012
2047
2094
2138
2200
2206
2300
2330
2357
2385
2421
2429
2446
2456
2453
2474
2485
2475
2456
2465
2451
2442
2440
2403
2408
2371
2320
2288
2275
2223
2164
2156
2119
2082
2012
1950
1884
1863
1841
1789
1707
1654
1612
1563
1545
1530
1494
1538
1518
1476
1501
1513
1510
1570
1585
1632
1672
1726
1748
1775
1809
1875
1921
1994
2059
2076
2140
2150
2189
2252
2321
2323
2376
2380
2387
2392
2407
2420
2432
2465
2467
2474
2413
2388
2395
2395
2384
2374
2329
2272
2218
2201
2204
2194
2172
2138
2125
2098
2038
2008
1973
1955
1927
1906
1872
1892
1834
1814
1804
1803
1794
1777
1772
1748
1744
1737
1739
1746
1778
1786
1809
1800
1820
1808
1830
1869
1918
1968
2024
2046
2052
2075
2088
2155
2257
2260
2255
2276
2308
2294
2317
2329
2330
2322
2353
2328
2277
2273
2284
2203
2195
2205
2115
2135
2115
2043
2032
2008
1929
1888
1923
1902
1853
1855
1824
1799
1853
1835
1820
1824
1850
1868
1849
1851
1903
1904
1967
1990
1959
1988
2017
2005
2062
2100
2104
2144
2168
2184
2141
2202
2231
2220
2273
2271
2270
2271
2275
2282
2318
2286
2278
2244
2264
2300
2284
2260
2217
2242
2197
2158
2133
2117
2061
2030
2001
1981
1979
1907
1890
1826
1783
1736
1700
1690
1676
1648
1649
1640
1622
1637
1636
1669
1676
1696
1736
1766
1799
1863
1943
2005
2046
2036
2051
2132
2182
2254
2301
2314
2336
2357
2391
2401
2452
2471
2474
2500
2506
2475
2491
2493
2465
2433
2445
2415
2384
2344
2318
2277
2220
2188
2156
2137
2112
2076
2033
1968
1949
1899
1897
1899
1883
1774
1725
1751
1648
1622
1700
1658
1583
1552
1545
1578
1699
1604
1618
1629
1647
1662
1788
1758
1786
1810
1825
1920
2012
2099
2051
2117
2150
2200
2284
2401
2370
2407
2541
2462
2494
2602
2532
2555
2700
2600
2541
2640
2537
2476
2540
2509
2366
2380
2377
2232
2220
2288
2139
2088
2164
1999
1926
1887
1841
1807
1929
1793
1719
1744
1684
1659
1793
1689
1609
1629
1640
1642
1713
1711
1685
1689
1675
1712
1763
1836
1777
1838
1854
1887
1956
2086
2028
2022
2020
2116
2153
2283
2240
2221
2240
2276
2292
2380
2400
2355
2346
2366
2380
2347
2344
2319
2295
2306
2268
2242
2231
2180
2154
2142
2086
2072
2031
1990
1977
1954
1922
1889
1869
1852
1827
1812
1811
1825
1853
1832
1839
1843
1839
1838
1879
1887
1888
1910
1928
1961
2032
2041
2051
2081
2060
2092
2124
2090
2171
2159
2154
2196
2202
2219
2247
2206
2204
2204
2186
2183
2206
2238
2221
2205
2176
2114
2118
2064
2000
2031
2011
1973
1928
1906
1900
1853
1835
1812
1766
1765
1756
1766
1763
1735
1705
1701
1687
1699
1730
1781
1770
1752
1789
1793
1825
1884
1875
1904
1975
2044
2076
2131
2197
2210
2260
2278
2309
2379
2439
2453
2468
2466
2464
2477
2505
2491
2478
2503
2480
2410
2365
2372
2384
2371
2354
2314
2249
2199
2134
2087
2105
2045
2001
1953
1902
1888
1840
1799
1731
1676
1648
1617
1539
1548
1541
1506
1530
1535
1537
1533
1537
1552
1599
1621
1642
1726
1773
1791
1847
1891
1913
1982
2024
2088
2137
2163
2183
2220
2288
2317
2370
2406
2419
2404
2393
2421
2414
2459
2490
2485
2460
2450
2439
2383
2353
2340
2346
2326
2313
2295
2212
2176
2144
2118
2123
2093
2051
2020
1990
1953
1924
1897
1849
1842
1852
1811
1784
1764
1759
1727
1690
1706
1698
1703
1719
1710
1711
1757
1777
1778
1822
1828
1856
1939
1932
1937
2017
2072
2072
2130
2163
2153
2176
2188
2233
2293
2275
2297
2316
2318
2298
2322
2323
2284
2292
2282
2272
2259
2225
2163
2154
2132
2112
2093
2043
2003
1965
1904
1886
1862
1830
1829
1847
1860
1878
1831
1809
1811
1850
1828
1851
1883
1881
1882
1902
1948
1970
2006
2006
2013
2052
2052
2100
2132
2149
2180
2207
2218
2214
2236
2222
2245
2254
2289
2279
2282
2286
2294
2304
2285
2296
2314
2286
2260
2266
2245
2212
2163
2108
2080
2072
2051
1990
1963
1910
1853
1824
1789
1727
1726
1697
1645
1661
1660
1619
1611
1653
1620
1606
1641
1671
1678
1742
1812
1837
1858
1926
1934
1974
2060
2088
2119
2206
2227
2254
2326
2355
2371
2398
2410
2413
2461
2495
2488
2492
2504
2473
2449
2452
2428
2408
2381
2378
2316
2263
2241
2226
2173
2128
2112
2075
2035
2017
1999
1921
1926
1865
1814
1819
1808
1752
1726
1688
1646
1630
1571
1588
1591
1621
1589
1557
1561
1563
1579
1592
1674
1711
1727
1753
1794
1800
1899
1965
1985
2097
2133
2147
2235
2292
2306
2403
2430
2425
2486
2530
2506
2543
2578
2529
2579
2572
2545
2511
2496
2443
2429
2439
2374
2336
2300
2217
2132
2103
2104
2043
2033
1983
1934
1907
1855
1808
1778
1779
1739
1704
1693
1683
1655
1641
1634
1638
1683
1682
1667
1677
1701
1680
1740
1796
1789
1869
1889
1872
1896
1957
1954
2011
2049
2066
2083
2141
2195
2197
2262
2253
2280
2310
2310
2320
2330
2356
2368
2365
2364
2377
2356
2314
2302
2293
2283
2235
2206
2182
2160
2116
2084
2046
2024
1991
1971
1961
1897
1887
1851
1815
1822
1841
1881
1866
1837
1787
1809
1816
1871
1913
1910
1948
1946
1946
1960
1986
2005
2074
2106
2124
2111
2132
2150
2153
2162
2199
2212
2216
2227
2225
2242
2243
2276
2262
2229
2234
2201
2195
2169
2143
2122
2094
2116
2097
2045
1999
1955
1896
1885
1912
1890
1870
1831
1802
1779
1784
1784
1727
1732
1724
1678
1715
1737
1701
1749
1770
1770
1802
1836
1831
1890
1948
1968
2006
2057
2099
2142
2189
2209
2274
2301
2344
2362
2377
2392
2456
2449
2450
2451
2460
2486
2496
2473
2468
2444
2414
2380
2365
2356
2376
2333
2304
2283
2196
2116
2091
2053
2039
2015
1949
1880
1836
1784
1727
1686
1664
1615
1584
1563
1521
1510
1499
1529
1513
1533
1565
1590
1612
1641
1654
1696
1762
1822
1832
1872
1921
1940
1986
2069
2115
2168
2256
2246
2265
2287
2308
2350
2415
2482
2476
2503
2490
2439
2460
2483
2458
2446
2442
2388
2378
2354
2348
2294
2279
2260
2201
2144
2150
2118
2093
2072
2027
1988
1978
1974
1952
1912
1893
1842
1825
1803
1814
1803
1763
1742
1730
1720
1728
1731
1723
1751
1736
1740
1785
1824
1828
1868
1875
1909
1922
1965
1986
2020
2061
2103
2129
2147
2184
2215
2232
2284
2266
2289
2310
2298
2279
2299
2274
2272
2267
2270
2256
2246
2233
2180
2130
2112
2085
2086
2037
1977
1988
1946
1882
1880
1831
1857
1845
1842
1841
1824
1832
1843
1851
1877
1856
1881
1888
1893
1907
1936
1965
1970
1990
2023
2058
2088
2153
2100
2106
2227
2176
2182
2274
2232
2220
2244
2284
2282
2394
2292
2242
2252
2275
2309
2410
2296
2257
2226
2191
2199
2234
2224
2124
2062
2049
2020
1968
2058
1907
1857
1952
1822
1762
1826
1686
1628
1729
1640
1633
1746
1630
1599
1725
1701
1630
1722
1772
1744
1806
1896
1877
1907
2051
2024
2048
2093
2145
2218
2339
2282
2300
2348
2350
2426
2529
2428
2448
2444
2466
2475
2519
2497
2435
2408
2368
2380
2405
2410
2293
2269
2249
2219
2164
2232
2111
2000
1986
1973
1952
2045
1918
1808
1761
1752
1738
1752
1732
1668
1610
1616
1608
1574
1597
1568
1573
1597
1605
1602
1626
1630
1662
1737
1788
1810
1866
1899
1969
2023
2052
2099
2168
2221
2284
2329
2355
2447
2473
2483
2534
2538
2560
2530
2495
2500
2486
2482
2500
2478
2436
