-688761
976131
912271
958312
743969
551668
666410
704623
635922
460925
439295
255440
229072
286752
295095
103515
73439
-288297
-215991
-359161
-382748
-300348
-432703
-321257
-435793
-366062
-452788
-413133
-447123
-378628
-198378
-417665
-88683
-227733
-259972
206618
208884
76529
54281
119583
92597
503155
553110
333720
496151
480289
495224
455466
523755
517884
473182
416841
397889
627888
414781
454745
419828
227218
104030
57268
-16686
-136784
-23072
-465354
-451552
-631699
-670942
-655904
-900117
-773324
-990139
-922674
-893525
-1123524
-955428
-931841
-1033708
-988079
-787126
-899087
-1031648
-867054
-878899
-767968
-634171
-824515
-413442
-193949
-385323
-15862
-138844
108150
226394
140183
519223
595031
723884
885697
1131352
1032163
1037725
1182234
1119095
1413263
1420164
1240326
1353523
1308409
1453433
1355892
1305628
1262677
1001881
1185736
1034120
931635
1059046
588233
470092
440634
423639
253895
259560
-235046
-244522
-25235
-559187
-321051
-579478
-727180
-931223
-832034
-926897
-1175642
-1256188
-1314383
-1257527
-1405332
-1121258
-1262265
-1415323
-1264222
-1302950
-1145257
-962535
-1000542
-1204379
-819159
-861904
-745205
-354011
-522210
-303438
-506039
-221347
36668
264710
302511
366165
489971
485542
584731
857269
903928
822661
927412
949969
1086753
1206542
1276891
1356407
1274316
1414808
1468162
1659433
1312323
1279569
1385350
1098598
1206851
1102821
789186
681345
708228
620575
605949
235870
-55002
-295198
-370800
-309000
-485027
-473285
-821116
-1011563
-1140210
-1279672
-1335189
-1346313
-1323756
-1495560
-1462600
-1680857
-1539129
-1341781
-1364647
-1425520
-1176054
-1217357
-1041845
-812464
-941523
-675886
-746441
-514176
-331866
-299215
-21939
21321
234119
326201
241741
496460
580920
962329
1065844
1003735
967067
819880
863655
1052866
1448283
1253407
1183264
1435614
1049879
944819
1029794
832961
923910
925455
755608
890641
463706
322493
778577
628094
432703
204867
-44805
4635
-81885
-90331
24411
-419519
-358543
-321566
-598636
-445063
-514897
-717086
-751797
-633038
-712348
-705653
-636334
-708331
-908254
-928751
-847484
-705241
-544458
-605434
-511601
-672384
-565985
-505421
-460410
-177366
-165727
-76117
-252659
-214755
-157075
-55620
97438
327540
344329
229587
202704
116390
312914
515824
612541
435896
379658
135857
325377
200129
279851
313120
61594
153676
76220
124836
138741
13493
-176439
-284383
-232574
-187666
-200644
-328467
-327849
-407159
-516236
-548372
-277997
-283765
-228866
-329600
-300760
-75911
-443209
-99189
-55723
-33990
24102
161298
96511
167169
432703
375641
603374
707713
696795
507172
525815
956046
771573
857990
1012799
746956
710597
826266
914434
911962
976955
687010
667131
815451
819056
786817
645398
561453
588336
211356
383057
189211
206103
73954
-186430
11433
-377289
-502537
-750870
-811434
-843055
-859226
-1100349
-1265355
-1501740
-1538614
-1461776
-1507920
-1537481
-1523885
-1704959
-1662317
-1618851
-1491131
-1521619
-1559420
-1272668
-1311396
-1179659
-1004353
-1036180
-691027
-955222
-621399
-274186
-199614
194052
27604
72306
573092
438265
672693
1138974
1030927
1415632
1536760
1511216
1549944
1715156
1615658
1877690
2049906
1828250
2091518
1914049
1683535
1846481
1603607
1510701
1313559
1332099
1043184
936579
905164
545900
695868
357307
402833
289224
170980
46968
-365959
-376774
-582568
-479671
-469268
-767762
-875603
-1166784
-1324992
-1073775
-1219932
-1017228
-1074599
-1199538
-1234352
-1570647
-1181101
-1323138
-1249184
-1188311
-1138047
-972114
-938433
-876633
-890126
-829047
-911138
-665689
-612541
-433630
-508717
-384087
-303026
-302820
125660
77662
60770
89816
164388
191580
204146
149453
457629
602653
674856
820189
585658
734699
545179
519532
890641
1028146
1015683
924940
921129
676504
746029
804842
775899
756226
554037
586379
320330
286031
347213
196833
-721
30385
-63448
-264813
-169641
-358749
-325583
-369358
-566706
-411279
-244625
-390988
-522210
-386353
-414163
-408086
-168920
-93524
-261929
-53457
-91773
-309721
98365
54487
209605
121643
232677
275937
513558
480186
294683
537763
408704
519326
559393
581950
471328
411485
482967
333102
509850
449801
238548
115154
4738
-50470
-4944
-184782
-255646
-401597
-525609
-312502
-634686
-562483
-733978
-1052248
-956870
-807829
-863758
-1032369
-931738
-1180895
-1312117
-1154218
-945643
-933695
-827090
-778165
-892392
-680933
-676813
-613056
-438265
-418077
-335574
-184988
62727
75911
296640
371418
280366
551359
632523
683302
913919
860668
869423
1318606
936270
1207469
1386998
1205512
1405435
1295019
1323962
1436232
1176260
1048643
1215812
1147420
1018155
1061106
931944
528699
549505
729652
436411
454127
377392
-190756
-93112
-291696
-618000
-370079
-614704
-783418
-914743
-1046686
-946673
-1500195
-1147832
-1338794
-1664789
-1291517
-1550253
-1124039
-1102924
-1302229
-1339515
-1374844
-1211692
-1264428
-857269
-992096
-949351
-744484
-674135
-555788
-416635
-97541
-97747
-122879
-1030
117214
205279
482967
616661
747986
691027
830180
875809
1134854
1247433
742733
1215194
1309645
1442309
1650472
1433760
1366810
1227554
1347961
1123627
1204482
1227863
1085929
1227966
856548
789495
734596
434866
351745
21939
299215
67774
-198996
-365238
-587409
-641484
-666410
-931017
-1047304
-1167093
-1272359
-1447150
-1341266
-1263192
-1514203
-1516881
-1789213
-1359703
-1439116
-1396268
-1343944
-1366295
-1099113
-1046274
-875706
-597297
-471225
-492134
-502434
-214961
-89095
199717
375847
472255
447432
629330
708949
955634
1003529
1044420
930605
1135781
1356922
1170904
1238369
977676
1162252
1256703
1314074
1114666
1118683
1002705
788568
631493
660539
760140
597503
463912
139256
171289
289327
-46453
308691
-36977
58607
-72821
-504391
-329497
-369358
-421682
-538793
-631699
-562998
-413545
-680315
-750664
-616661
-598842
-807108
-555067
-718940
-602653
-708331
-748810
-580817
-641484
-481113
-471431
-366062
-312708
-394593
-407983
-283559
-402730
-88786
264710
221450
118244
140698
93318
82297
263371
247509
551977
294786
280572
362251
262341
458453
354938
598842
342475
205279
365650
9270
80134
118244
-23690
-66126
-342990
-293344
-90434
-35947
-402421
-310751
-399125
-498314
-304777
-501713
-368019
-505318
-489559
-450831
-228866
-229484
-91876
-28840
-147496
-167066
-125763
163873
260075
345050
297052
498314
370697
472255
660024
634377
758904
763642
678049
797838
891671
815966
951823
959754
1009297
960475
831622
886315
770028
959857
773118
543119
442591
398816
472564
446917
489559
205382
84254
-64684
-129162
95996
-480392
-404378
-463809
-770337
-610378
-895379
-905370
-1217769
-1087989
-1300890
-1468677
-1382775
-1689509
-1529653
-1490925
-1572604
-1432730
-1640584
-1799616
-1559420
-1488968
-1378140
-1569205
-1273389
-990139
-914022
-729343
-649518
-435690
-406747
-232265
-207030
74572
378010
405305
592559
577624
890538
1096229
1370621
1503182
1340236
1493088
1644910
1746159
1996552
2030542
1846996
1699088
1777883
1762433
1641099
1806311
1641717
1549841
1233631
1080264
1009915
891877
878384
606773
666925
456908
112579
100631
24823
-222583
-365135
-421270
-603992
-698237
-767556
-934107
-1120846
-1112503
-1186766
-1325816
-1357025
-1212001
-1311190
-1356098
-1178114
-1339103
-1419649
-1287500
-1156484
-1128571
-996731
-915876
-1162149
-1119610
-880856
-854179
-461646
-740776
-626549
-594310
-661260
-245861
-88786
-63860
-77044
117008
99086
245552
276555
454539
499550
438162
655389
437132
1047716
893525
804842
947703
683920
1009503
937918
819056
911550
658994
706786
891053
785890
657449
350612
443518
444651
234531
493164
263268
-192301
-27192
-15038
-84872
-277482
-193640
-547342
-573813
-197142
-429304
-349994
-311575
-443827
-593486
-471946
-328261
-459483
-125042
-50676
-17922
-112682
80752
102794
108150
167478
-100734
226600
434866
106605
452479
334544
356998
635304
478023
590602
628094
501095
528596
512528
561041
612438
378216
201159
152543
249775
170980
50264
-9064
-117214
-279542
-465457
-598533
-600696
-660745
-675577
-708640
-850059
-896718
-832343
-980766
-1123009
-1104057
-1147008
-858711
-910932
-1129601
-822867
-1078822
-887345
-836978
-794233
-431982
-520562
-571753
-440222
-144200
-218360
87241
145127
163770
483276
323420
574637
699061
459792
760655
929266
998791
1123112
941729
1103542
1210456
1256291
1492573
1476196
1418928
1389264
1272565
1143609
1035974
1186354
1071097
1037622
865715
839759
647664
330218
418695
57577
267285
-139668
-249569
-260075
-514897
-559702
-841510
-512013
-877972
-1062445
-1065638
-1409864
-1107971
-1234867
-1198096
-1212928
-1411409
-1314795
-1586612
-1434790
-1393178
-1386071
-1012799
-1359806
-940184
-960887
-992920
-760655
-733154
-399743
-249878
-78898
107326
185400
230720
180353
395005
458247
619236
805151
591632
1149480
1066874
867363
1172140
1062239
1191607
1085620
1206233
1189341
992714
1178011
1258557
1204276
1259690
1269475
1045141
849338
865097
552492
627579
712039
488838
668161
-1236
115978
-207236
-304983
-330733
-585143
-450316
-729343
-864067
-1125996
-1149480
-1133103
-1324065
-1277200
-1402860
-1448283
-1556021
-1499989
-1292959
-1359188
-1416662
-1274007
-1202937
-1098804
-1012902
-863449
-768174
-766629
-498726
-369564
-190653
-51397
55723
142655
266873
369152
473800
614807
801855
986740
812361
966964
1247021
1033605
1128468
1201804
1087783
1274934
1315928
1209323
1270093
982414
972011
1009503
715644
810095
650136
358440
562895
381409
417150
289636
77765
69525
26471
-297979
-137917
-332690
-616146
-487705
-642823
-420240
-584525
-583495
-573710
-684847
-658685
-900014
-758801
-601932
-718219
-840686
-659097
-573298
-696898
-553625
-832240
-676401
-449595
-511498
-319197
-344329
-346595
-177160
-148938
-41200
39964
101352
56650
-77662
58916
376774
146260
189829
262753
263165
355041
332072
520562
396653
431673
300142
256882
277173
186739
167993
36153
70967
-129883
57371
-83533
-236591
-73233
-269757
-301275
-283662
-231338
-411588
-369873
-429407
-475860
-472770
-397477
-283559
-399640
-284898
-293859
-332381
-231647
-149350
8240
167684
218360
326407
445063
336604
475654
737995
669603
563616
772603
749428
657037
876221
828120
991169
1063475
809580
800825
766114
798147
877766
736965
1025674
620781
506554
704108
425699
543531
595340
437647
201571
117420
-90022
-115360
-155633
-251423
-240917
-674341
-725120
-942759
-911138
-859123
-1350948
-1057192
-1404405
-1559317
-1485363
-1536760
-1477020
-1611332
-1588054
-1646146
-1559008
-1563437
-1382981
-1296049
-1276994
-1257424
-1334365
-972217
-985298
-851295
-775178
-405717
-241020
-390370
-92803
-119377
192919
463809
655904
719455
1014756
1156999
1146390
1513688
1584037
1652635
1739567
1751309
1804251
1987591
1941344
1845142
1779840
1704856
1625134
1737198
1674986
1329936
1411512
939978
887963
934210
503567
373890
521386
533643
223407
191683
-184782
-168611
-341445
-312605
-417253
-676916
-712245
-978912
-1028867
-912992
-1010327
-1212104
-1199538
-1246815
-1315825
-1414396
-1456420
-1242180
-1159059
-1189444
-1235794
-1146493
-1163179
-1100658
-1055853
-871689
-762818
-809477
-610584
-702254
-475963
-649312
-500992
-242359
-45011
3811
-148423
33990
81061
108459
233089
362869
227733
476890
679388
779607
800928
721309
699576
672899
925661
949763
840480
948321
866848
825339
658376
678873
740055
661466
706271
462058
324038
442797
66435
231441
101352
32960
131634
-124012
-77044
-246994
-192095
-297567
-534879
-334132
-228454
-366886
-351539
-391709
-285928
-242874
-301378
-306013
-54487
48101
83533
161813
151101
376877
109386
349170
468856
535703
868496
592559
655595
575358
708949
688864
744690
848411
796808
640351
841510
462367
819674
387383
1168329
-185606
-34814
-413442
-1245476
476066
-1183367
259457
-1242386
-611202
-335677
-856445
-209090
-614704
-1139283
-689070
-1785711
-476581
-1199126
-1353111
-883843
-1495560
-1081294
-1481449
-1515027
-1535730
-1735756
-1529962
-1418104
-1168432
-416635
-129986
48822
-388104
213416
248848
-46144
57680
-33166
32136
201262
637467
554861
446814
365444
722751
368328
746750
1055441
1072848
1461364
1331275
1305113
1164724
1231262
1271123
1013623
953780
1618233
866127
604610
489353
333205
583598
380894
399949
66435
-182413
8137
-428171
-148011
-64581
-247818
-357616
-1028558
-634377
-1008164
-862213
-1143918
-1445502
-1407701
-1240429
-1125275
-1113842
-1467853
-1346107
-1789419
-1481449
-1417280
-1086856
-1055853
-1365059
-1103542
-998894
-929781
-395108
-79722
-39964
242359
400876
336398
520665
743351
776620
899087
867672
961505
1043184
1166578
1270711
1099216
1218490
1249493
1077277
1080470
1226215
1409349
1341678
1359806
1284822
1446429
1368355
1071406
1130116
958621
847896
805151
699782
677431
644780
440222
200335
108871
-248333
-503567
-550844
-621296
-643853
-908666
-974071
-1253510
-1327361
-1193461
-1124966
-1276788
-1250523
-1453845
-1986870
-2005513
-1754811
-1517293
-1427065
-1372475
-1537378
-1360424
-1089740
-896615
-677122
-438265
-411691
-198172
47998
21630
62006
83224
266564
845218
525197
806902
851913
909284
1229923
966655
1095920
1145257
1150922
1249184
1512349
1517499
1331687
1170492
809580
1055029
921438
1037519
870144
799795
847484
386559
203940
434866
397580
404481
158929
-86108
-219699
-233707
-367401
-460204
-219802
-356586
-503155
-549505
-699782
-911447
-919996
-669191
-466384
-577212
-651063
-746338
-623047
-613365
-673414
-380173
-307249
-445990
-355556
-196215
-167375
-274907
-117523
-241844
48822
198378
167890
189623
234531
192713
107635
127205
234428
614704
364517
467723
289224
208060
422918
316107
483379
682066
321566
207751
225467
85387
141831
315180
84460
196936
-5768
-291078
-218978
-289018
-45011
-283147
-151307
-243183
-503979
-459792
-692881
-562277
-515000
-597297
-658067
-639424
-473285
-395932
-377392
-372448
-81885
-136269
-138535
137917
208369
281293
382439
311884
669706
735111
870762
752621
811022
980869
896100
939669
827090
968303
865200
961299
895482
737068
698752
873131
726974
822249
703902
748295
682066
302099
567633
490486
455054
401185
148011
-160989
-235355
-253277
-382645
-263680
-469680
-652093
-793821
-958106
-1072024
-1097465
-1212104
-1422636
-1415735
-1586509
-1569205
-1650163
-1702693
-1724323
-1711139
-1627091
-1715259
-1520383
-1264634
-1414190
-1170492
-1016507
-1302950
-966758
-985607
-780534
-447329
-461852
-46762
-180044
-108562
367710
512734
823897
921026
985401
1190062
1312323
1669939
1560965
1923319
1902307
1634919
1935679
1777677
1931147
2043726
1756768
1814448
1865536
1614937
1407907
1561068
1209632
1017743
829047
838832
552183
239681
372860
-94966
206
177984
-143170
-440840
-384087
-534467
-585658
-700812
-842849
-911344
-1147729
-1209735
-1258248
-1086856
-1434893
-1356407
-1371960
-1479492
-1204997
-1528211
-1315207
-1231262
-1277200
-1025777
-1307070
-984680
-882195
-991478
-789701
-908048
-642411
-770852
-589881
-434454
-366886
-227527
18643
112373
-41097
212283
-33475
224849
431570
402524
418283
497799
683920
624798
744381
790216
840789
734184
854179
857578
898469
1006104
826781
876324
802679
948012
712245
628094
707919
534570
222068
415605
219287
485027
-1442
67362
-37698
-121952
-86932
-387074
-81885
-275937
-247303
-186327
-411794
-529420
-186945
-316313
-380585
-74160
-235252
-51500
-80958
45320
293138
135342
59122
280984
367813
220935
258427
548784
548990
286855
372139
343402
450934
458865
226703
350509
484718
538484
273877
304571
543222
544664
382851
57371
-60358
120201
37286
-19158
-263680
-376465
-408807
-181898
-524682
-560526
-665071
-862522
-1115181
-936064
-799177
-952132
-753651
-971496
-1204379
-1079131
-1036592
-1065535
-1015683
-841922
-939051
-949454
-879723
-523240
-643647
-491928
-266770
-301790
5871
-272023
-43981
297773
421579
588542
677946
648797
575152
846145
1049776
958209
1274316
1233940
1270917
1451167
1526872
1519044
1322726
1488247
1463527
1351463
1449519
1497620
1406568
1239708
1075629
867878
953883
721721
558363
416738
122261
101455
97953
-103309
-202189
-378937
-562174
