-695456
994774
836875
1041536
619751
580920
744896
671663
609554
437029
426523
218154
227836
334544
250599
119171
34505
-374199
-131943
-460513
-360912
-249878
-429201
-302717
-481216
-352260
-466796
-359573
-479671
-299524
-185812
-378731
-18437
-290563
-185297
293962
192095
77765
94451
134003
171701
584525
510262
311781
579581
534570
464736
491413
610172
505730
526021
369770
529626
634789
371933
535600
414266
247303
82503
51191
-98571
-20909
-105575
-587615
-446814
-748398
-678049
-731712
-855415
-881474
-1103027
-949660
-980045
-1188620
-1017846
-997143
-1118374
-925455
-880135
-1027734
-1095405
-917936
-868393
-833476
-663011
-888684
-264607
-307455
-430540
98468
-188696
268418
140080
174688
651372
594413
869732
974483
1257218
1002396
1097465
1179762
1235073
1539335
1423563
1254952
1442618
1408628
1426035
1388337
1393899
1198096
1037622
1246403
997246
999512
1020421
463500
513146
484203
367504
284074
174482
-371109
-41612
-161504
-570620
-275319
-630257
-766732
-981075
-838420
-1029279
-1188002
-1282865
-1344871
-1299139
-1418104
-1081706
-1407289
-1425623
-1295534
-1334056
-1106014
-976337
-1105396
-1219623
-754681
-966346
-653329
-438162
-489456
-305395
-597915
-95378
7828
350818
295507
361427
498623
518090
641587
929369
964286
800310
1016198
946158
1215503
1207778
1337352
1423769
1306349
1495766
1538408
1703826
1265046
1395032
1339927
1145257
1346004
982002
806387
684950
682375
606052
578036
178087
-169847
-338767
-385735
-326510
-555994
-486057
-995598
-1050085
-1186148
-1359085
-1356407
-1387513
-1390706
-1522958
-1564776
-1725456
-1520692
-1336837
-1396577
-1453639
-1184706
-1278230
-942141
-892392
-936167
-618721
-839759
-400464
-339385
-285207
16171
-43775
323832
264401
310545
571444
598842
1121567
1025674
1012593
967891
859844
884049
1243416
1504521
1246403
1293165
1447974
983856
1024747
1062342
819468
1087680
817202
806387
942244
234531
529317
819674
570311
418077
67568
-34608
13390
-120922
0
-45114
-510674
-322287
-450419
-566500
-409322
-660333
-728210
-752621
-562277
-738716
-771367
-680418
-698237
-1003426
-935343
-801134
-678873
-524888
-604198
-526433
-706374
-529420
-507481
-399434
-187460
-151204
-122673
-229999
-214137
-182413
-48513
141419
368225
280469
187769
197554
140492
411794
537557
573401
413854
291078
135239
331351
163255
364929
256676
27398
162122
-13184
141728
75087
-35535
-164903
-268418
-210532
-238960
-294992
-364723
-279027
-422712
-570208
-501507
-254101
-366474
-251114
-386044
-138123
-165727
-454539
-24720
-91670
-38728
63242
197142
120716
278203
443415
397889
708640
759625
706168
426626
739231
1046274
722751
967788
1029073
800104
735935
915258
965831
1024850
942038
653741
736347
852428
880341
789804
678255
627682
479259
202395
391400
188078
267388
-25029
-159135
-12772
-508408
-542192
-849853
-853458
-795057
-1001572
-1195109
-1287912
-1628224
-1598766
-1542734
-1602268
-1519765
-1626061
-1814963
-1708255
-1690539
-1536657
-1661905
-1590217
-1262265
-1403272
-1128468
-1131249
-977985
-733772
-1049467
-497284
-270787
-152955
220729
-94863
199305
665071
347110
882298
1158853
1130837
1555300
1513894
1550150
1668806
1776544
1740700
1973480
2122212
1903337
2201625
1855957
1749558
1876660
1668806
1506066
1398328
1315825
996937
1050806
763333
613674
697001
362766
456496
249363
193537
-38007
-352981
-429819
-572062
-461028
-493885
-795675
-890950
-1306555
-1355789
-996731
-1295534
-936991
-1182440
-1188208
-1291311
-1636567
-1165239
-1407392
-1176260
-1214885
-1150407
-964080
-991375
-924734
-859741
-915052
-931635
-612541
-633759
-381512
-590808
-396859
-354732
-265946
230926
-11536
87962
77868
127514
222892
99292
232265
571753
506760
748810
785375
552080
787847
477714
622738
994259
1020936
1003941
877766
948321
617691
820189
817202
827811
711524
535909
552904
252762
369049
303129
193949
-12978
48204
-170980
-262032
-138741
-410043
-294683
-453200
-519120
-370697
-251835
-449286
-497284
-304777
-471225
-327128
-138638
-133282
-258530
57783
-180559
-258839
220935
23381
227115
89301
284795
319918
566088
420343
402627
567324
352157
617485
610790
639012
437029
500992
438368
388001
585349
372036
304674
86623
-12875
-7725
-67259
-251423
-227836
-472976
-545694
-272435
-726047
-567736
-890435
-1131558
-985195
-853870
-961299
-1085517
-938536
-1393487
-1389779
-1173582
-949866
-1045965
-788568
-882401
-971084
-621399
-829356
-541059
-441870
-428686
-332381
-163873
86005
128029
384705
298494
359676
656110
667337
752724
1020627
818850
1012387
1399976
848926
1435923
1358673
1248978
1513482
1256497
1424593
1467029
1140828
1093036
1287191
1111061
1044214
1093345
846042
445475
628300
769101
350818
612438
217845
-296331
46659
-461543
-582362
-344741
-713687
-783418
-1010945
-957694
-1067801
-1611950
-1038240
-1548708
-1623383
-1247639
-1647073
-966243
-1290178
-1372887
-1327979
-1466823
-1210250
-1213546
-890229
-1027528
-978809
-801649
-657758
-551462
-315695
-175203
-84460
-111446
-14832
163976
226806
530759
691645
757050
745823
895894
878075
1293886
1200877
729343
1394208
1351257
1592689
1649957
1458377
1413675
1233734
1416456
1102409
1325095
1209426
1098804
1202525
831416
811125
632832
483585
230720
85490
279336
-40170
-201262
-472564
-631802
-677225
-709464
-1052145
-1014756
-1238163
-1355789
-1503800
-1351360
-1304186
-1588981
-1632447
-1766141
-1339927
-1565909
-1416971
-1376904
-1363926
-1086444
-1069243
-817408
-600593
-489868
-558054
-439707
-155324
-40376
253174
416223
484409
498108
673414
729549
1033296
1084075
1058840
934828
1300375
1381848
1166784
1238987
970363
1328288
1316443
1287397
1212413
1152776
949557
731712
658891
707816
792997
543428
453303
56341
285001
150792
-25750
321360
-131222
152234
-240608
-528802
-265431
-414369
-510880
-605022
-657037
-494400
-480392
-762097
-695250
-606155
-681757
-800928
-530553
-715850
-652711
-729549
-743660
-589469
-623150
-488529
-430231
-335986
-306528
-490898
-368225
-269551
-364826
39964
241226
184988
97026
150174
7725
180147
256779
282941
566294
179426
363796
348449
342887
403554
374714
589881
250599
246582
323214
-47998
166448
81576
-76735
-127102
-381306
-341136
-39861
-132561
-434557
-267903
-516442
-407880
-440325
-494915
-417562
-484100
-486881
-462985
-194464
-230926
-68083
-44805
-180559
-139771
-16995
129059
318579
356071
346698
607288
370491
572371
672178
686289
858814
747677
723060
920511
949866
851707
976234
1015065
1113430
958415
851913
965110
820395
1052248
729137
527154
449080
409013
539617
430334
476375
136887
125351
-165109
-57577
-18643
-606979
-292932
-635510
-673105
-724605
-980972
-981075
-1291929
-1096538
-1495457
-1468677
-1433039
-1804045
-1570441
-1549017
-1656961
-1446532
-1828456
-1846790
-1552725
-1588260
-1422842
-1679724
-1207572
-1026189
-970157
-745102
-674341
-395829
-420446
-244522
-188593
173555
390267
432188
630154
642823
1037828
1082015
1521722
1505242
1383496
1607624
1682299
1911577
2099758
2082660
1809607
1796423
1872643
1730297
1749455
1881295
1709697
1469192
1263501
1058737
996834
958827
847896
646531
706786
391091
89919
92700
-6180
-221862
-386765
-460101
-563822
-681242
-816069
-1089328
-1148141
-1076453
-1181616
-1368767
-1359085
-1209735
-1446944
-1329318
-1137223
-1426035
-1434584
-1225700
-1193152
-1191813
-1012696
-937918
-1248669
-1040094
-919687
-807623
-481113
-874058
-550947
-684332
-665689
-137299
-119892
-84048
-49028
78280
128750
251938
258633
550123
401494
582362
539411
520974
1236000
713378
918348
891980
705653
1142991
812567
869320
934519
571032
797941
917833
734905
596885
297258
526021
403657
227630
633656
6695
-155633
8034
-27604
-104236
-318888
-190756
-683714
-470401
-161916
-456496
-296846
-273671
-473697
-666616
-377804
-369255
-369255
-61388
44290
-50058
-113918
189520
91464
197348
98159
-69937
400773
382439
129162
499962
327334
459689
622635
475448
725429
616661
459792
660951
456805
701430
607391
302614
203322
138432
326098
138741
57577
21733
-183649
-321257
-544046
-662908
-546209
-713996
-733463
-738201
-982826
-903413
-909387
-1104778
-1216739
-1159368
-1162458
-852737
-1073466
-1143403
-944407
-1155248
-824515
-935652
-756741
-486366
-623047
-587512
-368534
-142037
-165727
158517
95069
274083
462470
323214
718837
662805
540338
900941
1036386
1057295
1096126
923498
1215709
1279260
1370518
1634507
1483303
1476505
1294813
1279466
1166578
1127541
1285337
991272
1091285
866539
851398
525403
388413
360500
44084
352054
-323111
-176954
-348758
-497284
-644059
-788362
-476581
-999821
-1045862
-1218490
-1376183
-1068419
-1302126
-1180792
-1288427
-1445605
-1403066
-1680754
-1395650
-1433966
-1372475
-1072745
-1370724
-929884
-1068625
-1058840
-690615
-712348
-348449
-242359
-103000
188284
162122
207751
174791
533231
483894
710288
768277
634274
1280599
1001778
946467
1256085
1096332
1216533
1112297
1272256
1213340
992611
1269372
1294504
1243725
1373299
1189238
979942
885079
818850
525815
759316
651784
577933
511498
-56650
100322
-325789
-259560
-410352
-596679
-508923
-794130
-949351
-1196036
-1108589
-1208293
-1404920
-1360630
-1401727
-1532949
-1652223
-1434069
-1342811
-1400594
-1465278
-1248360
-1248463
-1142373
-980560
-884255
-760346
-767453
-451140
-389752
-183443
-16995
49131
156045
300245
440943
437132
680212
877251
1016610
761170
1111988
1326022
1018567
1234661
1231880
1139077
1391633
1316958
1277612
1314280
921747
1033296
1031751
693705
917009
518811
384911
612026
331248
451037
187151
75293
80958
-21012
-301790
-126175
-451243
-613159
-581332
-658479
-379246
-650754
-514485
-598327
-725120
-742321
-950484
-686701
-543222
-825854
-851913
-607906
-670839
-634480
-618309
-858093
-562792
-502743
-488014
-338870
-327437
-328261
-166345
-158826
-2060
107532
51294
16686
-153264
230308
346492
109283
259663
211253
322390
295816
359470
539411
357925
406850
263474
291181
254719
210635
120819
24720
-4532
-136578
63345
-180044
-126175
-187769
-297773
-334441
-227630
-296022
-483688
-329085
-472049
-458350
-529626
-314253
-337943
-434248
-257706
-344329
-302305
-210635
-45114
12154
157590
278306
384911
507893
346492
615116
769307
672178
623253
882401
707816
719249
979942
823279
1157308
1010018
830283
851810
788877
913816
848823
841922
1131867
473388
566191
727489
375538
639939
579787
348140
232265
95481
-124527
-135033
-235149
-190344
-344432
-772706
-760243
-1054102
-846969
-1046480
-1416456
-1022893
-1594234
-1557360
-1585582
-1628636
-1534906
-1709800
-1616894
-1714950
-1644292
-1614628
-1394414
-1394929
-1253819
-1383908
-1321078
-996628
-1034841
-849544
-858505
-234428
-336810
-422815
-20909
-129677
267285
550535
632832
842540
1185221
1076659
1249390
1660875
1574767
1749455
1796011
1876351
1867596
2114178
1954322
1880883
1847099
1726383
1754811
1798071
1656343
1325713
1447665
803297
997658
930605
399434
527360
571959
448874
203940
127926
-160989
-163770
-344844
-289636
-447535
-695971
-781770
-1096229
-922262
-870041
-1083560
-1253510
-1256703
-1259896
-1378346
-1518220
-1366707
-1202731
-1228584
-1204688
-1330451
-1184809
-1174818
-1129910
-1068213
-809374
-859535
-793306
-621811
-733360
-482967
-752209
-412206
-207339
-20703
-58607
-216403
112991
71173
81679
273671
319403
223098
615528
655183
810095
829356
721309
643544
704417
1050806
924425
841098
1028867
791040
816275
627064
701945
772088
619545
726459
325068
387795
413957
-4944
307764
12360
70864
94554
-185606
-35844
-282632
-177778
-373993
-552595
-166654
-286340
-393872
-378113
-352157
-197760
-229484
-347728
-186018
12463
70555
97953
137196
253586
345668
93112
499653
422403
681242
876942
531583
686392
566809
783830
701945
871689
894658
766217
696074
868187
473388
688555
843776
325377
1081191
-449080
220214
-1616070
22660
-720794
-695147
-160268
-1312632
-61285
-1271947
-93009
-806181
-1016610
-1156793
-1563437
-939978
-790010
-1399152
-937712
-1428301
-1300169
-1278436
-1626164
-1520280
-1709800
-1720306
-1600826
-1168432
-697825
-122982
-277688
-11330
17716
577212
-177778
438162
-491001
478332
202395
652711
748810
546827
367607
665380
585040
819571
1046892
1146699
1340545
1269784
1382054
1223125
1252995
1160604
1191710
972629
1554064
817408
777341
338252
277688
613777
354835
355968
120716
-308588
17716
-459586
-107944
-93215
-239887
-522725
-1010018
-711215
-1024644
-905061
-1287912
-1491749
-1294607
-1320769
-1179144
-1211898
-1464351
-1539129
-1755429
-1476299
-1428713
-967376
-1075835
-1547781
-1066462
-1109928
-942965
-348346
-89301
-8755
190035
299936
288812
621296
739849
901044
938639
910314
1003323
1085414
1306864
1398843
1182543
1351566
1229614
1152673
1152261
1265458
1399049
1381745
1330039
1337352
1514924
1247536
1143815
1116623
976852
739231
759316
719249
636128
732948
480907
202292
122982
-322802
-567118
-608215
-663114
-736244
-933283
-1069346
-1255364
-1407083
-1193255
-1209838
-1314280
-1320151
-1634507
-2056601
-1988827
-1777677
-1527490
-1505963
-1462909
-1556021
-1345695
-1049776
-901662
-584525
-416841
-409322
-93524
67774
-53972
137196
136784
498108
947085
517678
872616
770955
1025262
1270917
947085
1280702
1271226
1148141
1360836
1727310
1460128
1378140
1071303
947085
1104572
957591
1121876
757668
948527
817614
156869
239887
454539
397168
305292
99704
-99189
-247406
-313532
-387486
-425081
-185091
-368637
-630360
-544767
-766629
-927000
-915155
-638600
-401391
-677534
-697722
-747059
-596782
-691233
-619854
-318270
-363899
-477199
-363178
-142964
-266976
-270375
-118553
-168405
190241
161195
139771
188387
315386
155736
79722
128750
432600
629845
289224
522004
112167
279851
425081
210120
562792
569384
256779
219905
148320
101558
214446
246994
82503
241741
-118759
-270581
-303644
-166654
-50058
-335368
-73027
-390473
-525609
-510880
-753548
-506245
-563410
-683302
-697619
-644368
-480701
-352569
-423124
-220626
-110931
-186739
-125557
209605
211459
388207
411176
406438
752209
801958
885285
721618
973041
1004662
890641
1024026
918039
1018052
865509
989006
960784
738613
857784
908563
696074
874985
687216
813494
616043
351230
666307
436411
448256
387280
26677
-205691
-210841
-317034
-349788
-311884
-604095
-734596
-916494
-951205
-1129807
-1077380
-1288427
-1533979
-1465793
-1736786
-1600002
-1733078
-1769334
-1794672
-1749661
-1680033
-1857399
-1449931
-1430773
-1446944
-1089122
-1208499
-1326125
-920408
-1103439
-719661
-505009
-461440
16377
-286237
44393
426317
484718
988800
917421
1085414
1253304
1452403
1806517
1577445
2121491
1905397
1700118
2117474
1806414
2041666
2097801
1771497
1944949
1851940
1559008
1529344
1525224
1242489
960269
869114
866333
412000
346801
303953
-191477
141213
160577
-291181
-452479
-386765
-561556
-540029
-842437
-803812
-1005795
-1219520
-1201392
-1251553
-1094993
-1529962
-1355480
-1494221
-1473003
-1244343
-1601650
-1229614
-1235588
-1262059
-1110443
-1331584
-913198
-966861
-977470
-875191
-886212
-674341
-828532
-571135
-418592
-388928
-230823
119789
-55105
72615
163255
-91258
335265
435690
406026
378937
587203
652608
653123
784448
817408
831107
721206
888787
880856
957797
990757
867054
874367
814112
1027837
559496
696177
757565
453818
212489
313429
381203
480392
-48616
42024
-130398
-57680
-150586
-393048
10300
-411382
-265225
-106811
-494915
-468032
-173040
-440531
-215991
-78795
-179014
3090
-168714
179220
316416
100219
118141
410043
353393
175100
317446
668058
436411
273362
416944
302923
592559
397374
181486
472358
533231
558775
197966
394078
616249
561556
351436
-23381
98365
79825
-27707
-46659
-271611
-436102
-339488
-221244
-657449
-591220
-758286
-922159
-1154630
-875294
-915773
-1032266
-803915
-1138768
-1227863
-1084693
-1140828
-1121567
-1046789
-962638
-1000645
-1037416
-841819
-497490
-731815
-419004
-316622
-298597
-13699
-327025
125454
262135
516545
640454
722442
682993
596370
930605
1113842
981281
1399358
1279672
1311911
1613289
1548605
1561995
1346107
1598354
1479698
1341884
1589187
1531095
1361145
1256703
1054308
889405
963359
690924
602344
420961
-26780
139050
51912
-109798
-197142
-442694
-579993
