-677431
1063784
1025365
934210
977367
640248
640763
751900
729961
572886
430128
359161
309721
231956
346492
177984
114330
-150689
-396138
-169538
-474830
-361427
-427965
-433630
-379246
-492855
-460925
-495842
-467208
-536115
-302408
-424772
-305704
-115669
-349067
-8961
223819
75705
69319
70555
47277
355659
590602
448050
432291
491207
520768
563719
535085
562792
546621
518193
406438
639630
606567
401906
553110
321463
225261
93936
80546
-67980
-28634
-249466
-499035
-455363
-736038
-653741
-829665
-828120
-839965
-1046480
-904958
-1008473
-1122700
-895379
-1080058
-1092830
-854591
-839244
-1023305
-1006310
-887963
-887242
-736141
-763848
-734081
-208472
-379658
-270169
-38419
-184679
271199
134621
234943
654153
555582
740673
1036798
1076247
1070170
1125378
1104263
1314074
1498650
1294401
1309027
1414911
1426962
1465072
1364132
1403581
1205615
1109928
1221992
1002293
1132382
871586
535291
569281
469268
384293
350921
53663
-336192
11227
-414575
-369873
-399434
-738922
-833579
-895688
-881577
-1117550
-1231880
-1423769
-1280805
-1396062
-1366398
-1205512
-1429743
-1345283
-1354244
-1317164
-1055441
-1018361
-1218078
-1079543
-832343
-934004
-462985
-531789
-474418
-387692
-473697
-54281
160783
239269
361427
434145
470298
593280
712863
932356
913301
883122
924631
1047922
1254334
1239193
1368973
1366810
1454154
1478462
1625031
1599899
1339515
1506787
1257218
1220962
1305113
958003
756226
797117
681242
706889
428274
47792
-106296
-388310
-292314
-407159
-539823
-636334
-991581
-1120022
-1295637
-1331481
-1424078
-1376080
-1481964
-1581565
-1682299
-1680239
-1516469
-1463733
-1498135
-1336219
-1234352
-1251450
-857887
-1034326
-869011
-668470
-768071
-402730
-344947
-160783
54075
49543
365135
281499
354938
576800
743145
1159986
1055647
1034326
943892
883019
972526
1305319
1437674
1239502
1375462
1329009
1006413
1103336
960063
855106
1083766
800207
900014
836051
215682
674238
780843
546312
473182
-1339
-47071
93009
-145745
16171
-167787
-437235
-294786
-527772
-543531
-416429
-669706
-807417
-722648
-753857
-734699
-665792
-772809
-842540
-1004147
-999100
-852943
-610790
-631905
-654462
-592353
-667955
-539514
-601829
-269345
-162740
-181280
-240402
-227321
-187151
-99189
50367
205073
392533
318270
262032
152440
283971
488735
674547
525918
468341
315283
247818
325686
231338
376465
109489
170671
205794
119068
176954
123188
-110622
-274804
-252968
-213416
-90949
-271405
-391503
-369976
-499138
-603271
-369873
-278718
-302614
-230617
-488735
-141625
-325480
-350406
-13390
-98674
10300
33372
45526
92082
359264
305498
495945
665689
719146
605331
420343
781358
917627
739128
1023717
857578
744793
834094
921747
925146
1056059
803194
659921
860256
898057
862522
762715
599048
750355
400464
303438
397271
201365
260693
-150174
2575
-151307
-463397
-614807
-763642
-834609
-806902
-1062651
-1276170
-1370106
-1590217
-1529653
-1476505
-1604225
-1565085
-1736992
-1754811
-1638215
-1629357
-1513070
-1621220
-1513894
-1324168
-1342914
-1063681
-1132588
-843570
-830901
-916288
-377495
-287473
-12566
139668
-82503
357822
585761
387898
1063784
1027837
1174200
1623486
1493088
1577754
1730091
1618233
1791067
2112736
1958442
2025598
2114899
1811873
1920435
1823306
1537378
1515542
1371033
1236309
1023923
1098598
717601
714614
569693
364517
476066
208678
179323
-158517
-405717
-451758
-540544
-464839
-673105
-892186
-1014035
-1343017
-1268548
-1177496
-1228275
-1008370
-1293474
-1258351
-1436953
-1471458
-1245476
-1427786
-1262883
-1216945
-1111988
-960784
-916597
-1001366
-802267
-961402
-818335
-662084
-623047
-425390
-526742
-244625
-361427
-94863
148732
24617
131325
138741
141419
266049
114227
293756
670324
572371
856651
702460
692469
716674
488735
799280
1064814
1080470
1005177
969024
877045
714202
883431
784036
871277
701430
605949
470504
296022
344329
262135
57165
13493
40376
-266358
-254719
-242359
-391091
-354114
-579478
-565573
-331248
-417562
-540956
-513043
-463500
-495018
-358337
-112991
-179529
-243286
-52530
-342784
-100322
51191
76632
226600
148320
251114
452376
545179
339076
536424
489353
525403
597812
601829
649003
483688
492443
426317
497696
575976
346801
220111
104648
-14626
38316
-50882
-230720
-287267
-509541
-388516
-483688
-651475
-594825
-991478
-983341
-828326
-824309
-1068934
-1021760
-1105705
-1299448
-1259896
-1086959
-931120
-912992
-812773
-919996
-838317
-631596
-752312
-545797
-431776
-427450
-289945
-80443
3811
184885
331763
232471
420343
581332
580199
802267
943686
751591
1175642
1149274
993229
1437880
1209220
1313147
1490925
1300993
1459922
1403066
1089328
1242695
1264840
1128262
1110649
1069449
852840
565779
693602
655080
470813
564852
19776
-179632
-33166
-568560
-465251
-440943
-810816
-764775
-1140004
-995907
-1184500
-1527387
-1160913
-1698367
-1542837
-1456420
-1481140
-964286
-1303671
-1437159
-1392354
-1377110
-1315928
-1086753
-987152
-1052454
-850059
-793100
-638909
-517678
-252968
-152131
-117317
-84769
26265
166139
414575
561762
672178
706065
751900
930193
994980
1340339
970775
995186
1386483
1389985
1674162
1604946
1449210
1412130
1344768
1290075
1227451
1333026
1182440
1245991
1115593
871998
868187
560114
458659
221347
167890
238342
-108356
-268418
-492752
-631493
-659612
-786714
-1124863
-1134133
-1325610
-1436644
-1439837
-1326743
-1488041
-1564158
-1863476
-1661596
-1425932
-1536760
-1423872
-1455390
-1264737
-1159265
-1024850
-725429
-555170
-555685
-607700
-344226
-131325
63963
271199
447844
498108
529935
677019
886006
1073775
1050806
1046686
965625
1404096
1303156
1278951
1129807
1080882
1288427
1372887
1198405
1208396
1147317
917421
807108
639321
795572
715644
495327
368122
124424
364620
56753
184473
226085
-79207
128853
-394078
-421991
-303541
-431982
-480804
-544355
-712348
-429510
-610687
-819468
-714717
-594001
-791452
-712039
-688040
-746441
-643750
-897954
-661363
-638394
-636231
-551256
-463294
-343505
-351333
-530862
-368534
-339179
-321669
147908
261517
207957
102073
104957
70967
271405
284074
441458
547239
232059
386868
302408
411794
498211
518605
530450
256573
355041
215167
7828
193640
57062
-38316
-139874
-351230
-203219
-309
-258015
-335677
-321566
-582156
-264401
-468959
-448050
-435896
-609245
-461543
-344020
-225570
-213313
-61079
-106811
-208987
-234943
-1751
204249
332587
237003
372139
416738
363590
583495
619957
707404
805769
676298
691027
950278
807623
888066
1005177
990860
1063475
909284
906297
862213
914228
967479
685362
557127
417253
490692
559702
543119
371830
109798
98056
-123806
121952
-140698
-539926
-316210
-784551
-622944
-736759
-952235
-1018567
-1242798
-1208499
-1481449
-1463424
-1595676
-1706710
-1528314
-1554476
-1595058
-1551180
-1873261
-1721748
-1558802
-1499062
-1506581
-1530065
-1148347
-996010
-865921
-725326
-584731
-451758
-352363
-262135
-89919
274495
366783
484409
557848
724605
1032369
1229099
1515336
1462188
1423666
1557875
1731121
1939387
2149610
1964828
1809092
1839271
1857193
1750279
1797041
1790861
1734211
1439013
1207057
1132588
967376
959651
762406
711833
649930
298185
171907
75499
-44187
-280469
-395829
-555582
-686598
-724399
-869114
-1057707
-1133618
-1268548
-1345283
-1410997
-1336734
-1261956
-1450549
-1345489
-1310263
-1440558
-1455184
-1274728
-1171419
-1094787
-1032678
-1076247
-1255158
-966552
-967273
-660642
-516339
-854900
-567221
-673517
-469886
-90125
-108253
-96717
100425
65405
185915
343299
314150
592044
401803
664659
495842
747059
1161016
804739
1039270
819777
806078
1111679
879929
962432
892907
624592
923704
857166
776517
597812
324038
522931
383057
364208
461852
-41921
-73233
-28325
-97644
-139874
-274186
-420240
-680727
-376877
-372448
-498932
-322287
-449595
-543428
-574946
-451655
-456908
-382748
-159959
3399
-91567
-76735
107223
61697
193537
1957
-31621
409837
250084
295610
479980
296125
653947
568972
492237
765805
579272
471843
667028
554140
687319
574122
315901
291181
172525
198893
110210
79104
6798
-151822
-340106
-543325
-609451
-647252
-739231
-658582
-791040
-927103
-877560
-945128
-1067389
-1134442
-1187281
-1075423
-818438
-1137841
-983032
-922777
-1119713
-811228
-905061
-633862
-464221
-625519
-584010
-262135
-261929
-85799
111549
4841
384499
368225
360912
747162
488735
507996
844600
942759
1170492
1043184
966861
1230026
1247124
1334983
1539129
1552416
1516160
1374226
1243416
1181719
1151437
1194800
1115799
1059973
904134
846969
476066
492649
271199
165727
142140
-265122
-143582
-396241
-488529
-779916
-653535
-686907
-1068728
-1054205
-1314177
-1282556
-1155042
-1329833
-1222713
-1398946
-1448798
-1459304
-1653459
-1416147
-1503285
-1223331
-1284616
-1231880
-906915
-1126820
-920408
-780431
-638188
-294374
-146981
-70349
203013
170465
182207
260796
415502
515206
778783
676916
886521
1244034
896203
1087474
1166990
1123009
1190886
1164518
1242283
1223949
1126408
1263089
1304907
1292547
1376492
1188208
1044523
966140
698855
579478
827605
568560
697619
334441
23690
54178
-336192
-260796
-535909
-504185
-615116
-835433
-1064196
-1187487
-1167402
-1317164
-1372063
-1448077
-1490101
-1576724
-1638318
-1433554
-1389470
-1467544
-1454875
-1310263
-1189959
-1124142
-988079
-871277
-850574
-680109
-450419
-269860
-109592
-32960
75190
165006
352672
412824
573607
736965
1001778
938948
840583
1214370
1171007
1092418
1260720
1154115
1239193
1414808
1292444
1324271
1243519
960166
1107044
888169
740982
866951
449492
526742
573607
350200
451758
184885
100425
94863
-152543
-215167
-155427
-533952
-469268
-605125
-557024
-463912
-731403
-619854
-640866
-641175
-837184
-887963
-726562
-729755
-873852
-815863
-619030
-741394
-631699
-773324
-875809
-531480
-585143
-443415
-335574
-453200
-252659
-180353
-134209
28737
35741
81885
69731
-23587
248539
295507
169229
335162
206000
370594
395005
472049
543428
482040
412309
269139
340724
264710
176233
118141
161401
-27089
-52015
6901
-227321
-71997
-176851
-269242
-262238
-249466
-357719
-396035
-430437
-483070
-438368
-531583
-298906
-379452
-361736
-325789
-388001
-293550
-255646
-120922
102073
165624
213828
373684
376465
338355
626549
740158
543943
625828
798868
665895
809168
801855
861492
1164621
944098
784242
887242
762200
913404
823279
903516
976646
513661
704623
661260
495121
681448
566294
296537
214961
60152
-79310
-7004
-229072
-186121
-489559
-754166
-768998
-1021039
-809477
-1170801
-1277509
-1228378
-1642438
-1489174
-1591762
-1605049
-1563643
-1676119
-1692805
-1587127
-1652429
-1578269
-1335807
-1399152
-1251862
-1417280
-1235897
-967067
-977676
-826369
-717704
-251423
-364517
-322184
-125248
23278
386662
567942
643235
851604
1128777
1113430
1381127
1615555
1631211
1748425
1768613
1797247
1988827
2014062
1940520
1928984
1787153
1699397
1731121
1845451
1532743
1453845
1283998
882916
1112709
744278
388413
505730
658376
392533
321772
-12772
-150998
-204764
-402009
-317549
-593795
-676916
-851089
-1098804
-989521
-985092
-1210250
-1271329
-1259896
-1352596
-1431082
-1567557
-1391221
-1209529
-1263398
-1261338
-1203761
-1199641
-1180380
-1113327
-1042669
-790834
-904031
-719558
-682787
-565882
-534364
-684435
-303438
-184164
-9888
-112888
-62109
71379
135651
155324
367710
296228
332381
629845
705344
929781
831004
787229
728828
843776
1034429
891259
921438
1024541
905782
806387
685568
754269
772294
664659
699164
328776
398713
316107
98468
299730
-17716
150586
-22042
-158826
-127720
-306940
-274701
-413133
-541883
-267388
-364414
-383881
-428995
-472358
-283044
-327025
-370491
-198069
-36050
206
126690
97438
334853
236797
144097
508717
447432
759625
792585
659612
773633
666204
748913
724296
915567
865612
794027
759110
805357
781770
400464
1606285
-543531
244522
-798868
-865406
209193
-1004353
603786
-1465690
-303129
-758492
-725017
28222
-738922
-794542
-1051527
-1448695
-476890
-1519971
-1167093
-1048952
-1380921
-1272977
-1478256
-1645734
-1711654
-1601444
-1664686
-1606388
-1352390
-281602
-274598
-4738
-604610
-45011
317961
-155015
13493
309
-234531
123085
445681
379864
601932
326819
768689
417356
499653
1054411
1165548
1369488
1272977
1145875
1507920
1151334
1539129
960063
1145566
1441794
1188311
532819
726768
456702
646119
493370
446814
268315
247509
17613
-268109
-149453
17819
-35741
-367607
-943068
-770131
-863964
-955531
-946982
-1336837
-1588878
-1286264
-1267724
-1198817
-1517087
-1409143
-1661802
-1759446
-1501122
-1453742
-1103954
-1279569
-1292341
-1050600
-976955
-646325
-149865
-151307
241020
481937
378937
421682
616558
649415
941626
885079
1029176
1087577
1060694
1249184
1154527
1129704
1276582
1233425
1100761
1280908
1369488
1419031
1453021
1391427
1347446
1543558
1153806
1114563
979530
1023202
922159
803400
849441
646428
595855
314871
168508
-39964
-468650
-530759
-608833
-589160
-796499
-975822
-1163797
-1288324
-1324374
-1192225
-1257939
-1412954
-1414396
-1958442
-2138898
-1889123
-1645013
-1531919
-1410173
-1631520
-1505242
-1290796
-1019597
-797941
-602756
-489044
-438677
-15141
134003
12463
23175
72821
587203
725532
663320
1019185
882298
1203143
1200259
967994
1206851
1250729
1203452
1403890
1724323
1434893
1390191
899911
1004456
1124451
975822
1101894
856033
886212
767865
269860
347934
441767
448771
347316
-55414
-151822
-193846
-295816
-443827
-308691
-277482
-471328
-562895
-626755
-837184
-1029897
-827708
-504391
-472358
-709670
-797323
-675886
-595237
-733360
-608524
-362251
-406850
-454230
-311163
-147599
-258427
-273877
-305498
-135960
223510
149350
142140
217948
253689
109489
163255
69937
513249
484306
366680
534467
197039
408910
490074
404481
749737
479774
186945
342887
151101
100734
344432
211356
141728
167890
-275731
-150174
-289842
-167684
-134724
-315901
-107223
-407365
-537866
-614498
-724399
-492546
-623150
-705653
-670942
-613159
-476787
-469062
-480907
-179529
-97541
-162019
-17716
184988
188799
335059
282941
538896
749634
787023
845424
685053
970054
887963
875706
799383
958312
963771
956870
964389
870659
651990
795984
855415
806284
900117
730064
841613
503052
482349
631493
460822
534673
364929
-21630
-168920
-177160
-350921
-266667
-325789
-572886
-661569
-882607
-1024026
-1154630
-1183161
-1379994
-1470634
-1528726
-1657270
-1640893
-1767789
-1778192
-1812388
-1745644
-1682814
-1684256
-1350330
-1403375
-1422327
-1032781
-1326640
-1230026
-940287
-1035974
-520047
-523858
-332175
-80031
-297773
142655
480907
593177
950484
928339
1096538
1280290
1497723
1672823
1749661
2040945
1740185
1785299
1973171
1849056
2131070
1928881
1760991
1976261
1786741
1496075
1648515
1382157
1180277
1011872
832961
880856
337325
357822
184370
-99910
158620
72306
-282735
-337428
-524888
-637673
-519738
-878384
-889817
-1086650
-1265046
-1315001
-1196757
-1322520
-1491440
-1355377
-1520795
-1327361
-1445708
-1596294
-1273080
-1317679
-1180895
-1158338
-1242798
-913301
-1056162
-901456
-866745
-801340
-705859
-750664
-524682
-400567
-295507
-201262
163976
-2472
161298
39346
61388
500992
385941
468959
416738
659921
708331
730888
826987
849956
846557
843776
860359
912168
1043699
944716
927721
858093
930502
914331
678770
667543
744999
253998
544561
228351
328261
305086
-65096
232986
-264504
-29252
-408498
-208678
-85387
-246273
-380585
-337428
-606258
-276761
-281911
-568869
-192404
-341548
-139359
-30385
-74469
142861
173555
-1751
200747
277070
306734
225776
410867
658067
376156
347522
400155
361221
533746
278924
347213
508511
589366
478126
360603
507687
617794
476581
269963
-53766
122364
139668
41406
-147496
-244522
-470813
-280469
-383057
-451346
-586688
-922571
-1007546
-1044523
-844909
-901662
-861389
-835330
-1248051
-1169050
-1086856
-1164827
-1010018
-895379
-936579
-954604
-1005177
-707816
-604919
-680212
-313738
-390679
-188387
-181795
-268624
222068
343402
482349
611923
608730
626137
685053
906606
1063063
1145875
1280702
1195418
1453021
1602989
1547987
1489998
1437880
1575694
1445090
1461261
1578269
1556227
1409143
1239811
988594
1010739
942038
618412
546106
402009
133179
162122
-34402
-114536
-232162
-540235
