-631287
1059767
888478
926485
886418
542089
681036
706477
659612
486366
430437
310339
254822
284898
330012
148629
107017
-254513
-306013
-207442
-515412
-241020
-409013
-380997
-405614
-434454
-479877
-434351
-418386
-533128
-187563
-431467
-198996
-96202
-381512
120716
217536
58916
76014
74778
88374
395520
614395
332072
493782
534261
464427
539720
590396
524785
553316
472564
433733
724399
480186
423021
576697
301378
209502
81267
76941
-62521
-3605
-375229
-480598
-469062
-757153
-614086
-805666
-816893
-927000
-1027425
-870453
-1059458
-1067183
-882710
-1107765
-1010945
-797632
-935549
-1035974
-993023
-824000
-883225
-684126
-834815
-615734
-147187
-542089
-116802
-53766
-144406
291284
3090
402936
619133
599872
784242
1079337
1013520
984062
1126099
1077174
1358055
1461879
1161531
1307894
1419752
1321181
1395341
1337043
1313456
1075526
1133927
1185324
898366
1167299
669500
502537
625416
415296
355453
333823
-78692
-239784
58401
-507893
-289945
-371212
-725738
-853149
-850986
-850471
-1119198
-1162561
-1377419
-1182646
-1354038
-1250523
-1178629
-1431906
-1261544
-1319739
-1187693
-994774
-1011563
-1205203
-979324
-791349
-903722
-368843
-573092
-391606
-451861
-391503
-21012
181692
263062
306425
464839
434454
588336
729961
970260
826369
877766
905267
1063784
1201701
1172861
1413778
1294710
1396989
1456729
1625237
1467029
1299654
1448592
1149789
1277303
1206130
843776
734493
713790
648385
656625
391812
-64993
-159238
-364620
-252968
-462676
-476787
-726974
-1028970
-1018052
-1305113
-1273286
-1363926
-1330760
-1440455
-1529653
-1649545
-1595367
-1408422
-1398328
-1447562
-1244652
-1217563
-1150716
-789186
-1060179
-729446
-706683
-704520
-287267
-369667
-102073
-12669
86211
375435
216197
457629
503052
856136
1129086
933077
1022584
893525
836978
1025983
1381230
1340236
1167196
1403581
1161325
927412
1147935
856651
923498
1027837
672796
1024129
594928
234325
808035
694426
502537
335883
-26574
-206
36668
-85078
9270
-247406
-439089
-272847
-549196
-465972
-470401
-666513
-738098
-652917
-692572
-749325
-675371
-678770
-859535
-1016198
-866127
-797426
-537351
-621090
-616043
-575873
-666410
-471637
-521901
-262650
-145024
-200747
-216403
-217227
-197039
-71894
57680
215270
371315
217433
196421
146054
344226
477096
632935
449286
398198
232265
278615
286443
255852
360912
43672
179632
120716
92597
164903
42951
-92803
-288091
-199717
-202086
-167272
-301584
-327128
-368431
-514691
-572268
-281911
-320227
-312811
-249672
-410146
-49852
-426523
-256573
-927
-135033
36565
81473
94039
136269
378731
274083
549196
692572
702975
505730
462161
912271
815142
728107
1046686
830283
708434
848617
928236
953471
1027734
689276
656110
856239
885388
829047
747368
621399
664350
290357
319609
380997
217124
236694
-238754
85696
-280366
-492340
-649827
-772088
-750252
-832343
-1119404
-1177702
-1421709
-1590217
-1462497
-1477020
-1531404
-1519456
-1756356
-1720718
-1575282
-1583728
-1510392
-1613289
-1377625
-1307173
-1290384
-1028764
-1134545
-753033
-936167
-836051
-253792
-301172
31930
66744
-142346
507790
468032
430025
1141137
957797
1215812
1567557
1413057
1585891
1682917
1584655
1755017
2123963
1825057
2016843
1995522
1672720
1891080
1743584
1476402
1448386
1334468
1119713
992199
1016816
616043
776208
506451
347625
467620
187460
172937
-179941
-389237
-431570
-479156
-408395
-665277
-851192
-1014447
-1394414
-1072230
-1136399
-1124863
-943686
-1309645
-1111473
-1516366
-1329936
-1207057
-1357437
-1141240
-1182440
-1016713
-962638
-902486
-941317
-786302
-1001881
-679182
-622017
-558775
-441252
-550741
-259869
-355762
8446
88992
8858
118038
90434
177778
183443
106193
390473
602035
524476
847999
608730
659715
650651
451140
872101
1024232
1007443
890332
950793
753754
691645
881474
748089
835948
590293
577624
374920
308485
352569
197039
87756
-4532
19570
-327746
-165521
-259663
-383469
-358440
-560732
-516339
-270993
-406644
-562998
-367813
-459689
-454436
-261208
-119377
-199717
-178911
721
-407159
54590
65920
51809
231235
160783
284589
483379
498726
331145
585555
389134
534982
633347
621502
611202
465663
505112
395520
533231
528287
335780
242874
66847
8137
47277
-131737
-216815
-256470
-584216
-274701
-503155
-668676
-604404
-1084281
-931120
-815142
-845939
-1089328
-928339
-1162046
-1379273
-1197169
-1015580
-938536
-882813
-758698
-996319
-728004
-691439
-744793
-456496
-444239
-434557
-271508
-38110
7210
223098
332072
182104
528493
587409
558054
846969
903516
699267
1288839
990551
1020112
1486599
1087371
1370724
1366604
1232292
1471149
1276273
1008370
1265252
1209529
1030309
1087268
1034017
678976
535909
782800
561247
480495
565470
-159341
-70864
-40170
-665998
-321463
-459483
-815451
-723266
-1087165
-888787
-1293886
-1358261
-1096435
-1754502
-1289972
-1506066
-1299345
-908357
-1404508
-1301508
-1404611
-1283483
-1240223
-953574
-961299
-1051424
-824309
-741188
-586173
-434248
-266049
-129471
-123291
-97747
62933
172731
421785
582053
678152
658273
760346
905061
963462
1378449
757565
1050909
1461261
1326640
1678282
1487320
1415426
1289869
1312117
1248566
1199538
1297285
1072127
1184088
1048128
788671
778062
526021
394593
162122
212592
143788
-149144
-308588
-524064
-664453
-632626
-836154
-1051939
-1095611
-1330348
-1419649
-1384629
-1234043
-1513688
-1527284
-1789522
-1484642
-1415632
-1532743
-1310469
-1409143
-1178938
-1108074
-959857
-642720
-531789
-568560
-562380
-270581
-100425
71379
308691
459483
452788
548166
636849
893422
1075629
1030000
942553
1014550
1432421
1179659
1216842
1053484
1108177
1323962
1290384
1181616
1180689
1084590
784654
757359
650857
815142
634171
480392
276761
158311
350097
-51397
280263
149350
-64890
105266
-514176
-309927
-269139
-478023
-483070
-536836
-640351
-395108
-635098
-783315
-614910
-586173
-829047
-598842
-626137
-752312
-617073
-874779
-570517
-629639
-602756
-476169
-402009
-293550
-420446
-517781
-256573
-364929
-236694
196936
207648
165830
92185
49955
54899
323111
226703
470401
419004
210532
434969
287267
399846
425390
542089
456393
186430
380894
144406
42333
209399
-42539
-26471
-179323
-426523
-133488
8858
-376362
-254719
-359161
-565161
-243492
-498520
-403039
-428789
-558054
-440428
-282735
-233913
-188284
-34402
-126072
-190550
-145230
51088
191786
365032
223922
456599
423845
388516
618000
606361
735626
768174
658479
753342
961711
801958
877251
983032
988491
1047510
833888
943377
813906
942347
942450
578963
543016
374302
538793
532201
513352
323111
110519
85181
-142861
156663
-328261
-439089
-320948
-761170
-574431
-840068
-894143
-1065226
-1156999
-1236000
-1497208
-1356098
-1637803
-1669527
-1431185
-1588775
-1498341
-1553446
-1923628
-1531095
-1557978
-1439940
-1529962
-1440970
-1029485
-1039167
-799486
-741497
-495018
-456290
-356483
-234737
-42642
320536
293447
512425
556406
775590
968097
1236824
1518014
1349712
1379685
1574561
1693217
1941653
2072257
1823924
1736580
1835048
1734108
1674574
1775720
1762330
1589496
1352184
1122700
1044111
970466
913919
721927
726253
592044
211871
164903
95687
-73748
-263577
-380585
-497593
-628712
-711215
-907430
-1059355
-1018464
-1160295
-1293268
-1351978
-1234146
-1269063
-1424181
-1159986
-1279260
-1410173
-1311705
-1198302
-1129498
-1080985
-938742
-1089019
-1193255
-876324
-977367
-532098
-626755
-838420
-498417
-746235
-348964
-51397
-145127
-90537
67877
55517
211253
265225
375538
517472
417459
646119
399640
916391
1021142
722133
1046480
692675
887448
1041639
765496
992817
761788
567633
956664
769925
679182
496151
328673
556818
272744
430540
370491
-179941
2781
-35329
-75705
-199099
-230823
-466487
-649312
-264401
-399743
-442282
-274804
-422712
-595031
-517884
-379864
-459277
-250805
-75293
14832
-150792
-16480
151204
81988
176645
-21733
77559
490795
135033
332484
505318
251835
709567
515206
548990
784757
442900
581332
620575
576388
749840
452685
300554
247612
216815
230411
79413
100013
-27707
-197245
-383881
-564543
-541368
-596885
-796499
-609760
-832755
-934004
-853355
-953368
-1120125
-1102821
-1161634
-1011769
-838935
-1198302
-914537
-986122
-1020215
-758286
-940287
-571238
-538175
-643956
-508511
-203013
-255131
-14214
117420
2060
427038
252865
446917
763848
418283
610481
922674
914743
1102306
915361
973453
1271638
1205615
1385453
1510186
1445502
1384114
1238781
1221271
1109928
1195006
1109825
1066050
1020112
844085
771264
383469
520665
167890
270684
27192
-298082
-65302
-444342
-478641
-768689
-518296
-726871
-1098392
-997143
-1313456
-1138974
-1112091
-1275964
-1150922
-1385453
-1380303
-1479492
-1558390
-1295946
-1487320
-1075423
-1309027
-1118374
-909181
-1182337
-787538
-713069
-585864
-211562
-214961
32857
176645
155427
143376
352878
454024
500683
790319
550432
974277
1217872
767453
1170904
1094478
1100143
1127850
1111164
1276273
1080676
1082118
1336219
1200877
1332820
1240326
1051733
991066
885182
641587
595855
812876
487499
672178
147084
41509
23793
-367813
-230720
-563410
-460925
-649003
-863140
-1053793
-1121464
-1104160
-1309233
-1350021
-1365574
-1444266
-1590629
-1526151
-1319121
-1348373
-1444678
-1374432
-1249184
-1157205
-1071097
-893628
-813185
-853458
-589263
-414678
-286752
-68186
-58504
102588
179220
390164
378010
554861
761067
984268
816275
859638
1285131
1078513
1082736
1255776
1075629
1263604
1383496
1216533
1347755
1072436
929678
1128983
771470
773221
800928
330527
599357
500168
351745
379761
122364
101764
104030
-217742
-174688
-193537
-583495
-457629
-651990
-434763
-514485
-680830
-531377
-699267
-640660
-854591
-823382
-573607
-742836
-882504
-716468
-629330
-710803
-581950
-781873
-760140
-477096
-575873
-386456
-316622
-412515
-226085
-178499
-98262
77044
-5356
76220
-42127
22248
325171
168817
204661
289121
204558
345462
326304
502331
486263
403348
360088
266461
326819
211459
153676
70040
157178
-133900
-7004
-21424
-212386
-82400
-241226
-288915
-236797
-237621
-449080
-364414
-429922
-431467
-470710
-484718
-232883
-462367
-308485
-322390
-378422
-253689
-191065
-66023
84357
208575
242153
411691
348346
404172
696177
701842
511910
686907
802988
575873
899293
774457
928339
1130631
814730
806387
850368
783315
908460
805769
989624
846351
421476
780740
537557
526742
682375
481113
276864
216712
-7519
-92597
-39552
-220420
-176130
-572062
-723575
-813288
-977779
-755814
-1277715
-1124760
-1245373
-1669527
-1393487
-1619263
-1513894
-1548708
-1649854
-1614010
-1556742
-1635434
-1465278
-1311293
-1338073
-1227657
-1437880
-1106426
-954707
-936064
-869423
-570414
-207339
-477817
-210326
-126278
31930
430952
543840
637467
949454
1084075
1018464
1473209
1525327
1577857
1720203
1751515
1732357
1969051
1933413
1817538
1873364
1691260
1647176
1714332
1785814
1368458
1439734
1111473
831725
1171316
547239
419416
575358
585967
311678
278100
-21218
-129368
-204558
-360500
-259045
-610275
-679182
-904340
-994980
-841201
-976852
-1170801
-1230438
-1188208
-1311087
-1440867
-1455390
-1231262
-1173170
-1193255
-1272462
-1176672
-1130837
-1127129
-1065844
-951823
-744690
-942553
-622944
-708949
-524888
-601829
-651681
-220420
-173864
15862
-234222
-3605
129059
46041
159753
386250
182722
388104
626961
673208
877560
767865
685774
662599
898366
996319
794542
923601
928442
822249
751694
619339
759110
680315
645604
599048
252659
460307
155736
148938
264916
-71997
159444
-117111
-106399
-125454
-322802
-230514
-507996
-362663
-231441
-399640
-374508
-409631
-384293
-236076
-327540
-300554
-105987
-7313
-21939
139359
121849
341754
154294
244110
538072
421785
824824
666101
630669
707198
686907
719146
808859
888478
851913
674650
877766
677637
714820
573401
997658
608009
-220214
18643
-1465793
175718
-925558
-58401
-437441
-1117550
-81267
-1377007
261723
-832343
-818747
-1154630
-1424902
-762818
-852840
-1496693
-722339
-1464248
-1286470
-1259381
-1491131
-1679415
-1499783
-1727722
-1663244
-1237854
-579684
-233913
-261517
-362663
-173040
607288
-229381
205897
-194155
-99189
307249
328467
642617
559496
336295
648591
533334
534673
1039991
1053896
1232704
1140931
1147111
1465072
1094272
1320357
1129910
945540
1435099
1089019
557848
640557
305395
666410
415502
368019
386353
-10300
126484
-326510
-126072
47689
-104648
-345977
-1005177
-737892
-870247
-881474
-1045141
-1307482
-1393796
-1204276
-1303053
-1089843
-1484436
-1394208
-1611435
-1600105
-1414499
-1277921
-887654
-1479595
-1241253
-958621
-1059870
-540441
-113094
-124218
196318
394902
299421
450213
635098
665174
971805
810404
996113
1042669
1102100
1330039
1146905
1117756
1268239
1159059
1089534
1228378
1309645
1346107
1331790
1319018
1381951
1360115
1125687
1047510
939257
852222
821837
753754
745617
724708
615631
284898
203322
-95790
-580920
-492237
-633553
-599666
-817717
-930090
-1113121
-1318812
-1281526
-1148553
-1268239
-1360424
-1421400
-1951129
-2042490
-1772218
-1550150
-1479080
-1417486
-1518323
-1474651
-1165033
-952338
-703593
-490280
-498623
-334441
28840
51294
56650
92288
145642
777341
622223
613674
983547
810816
1275861
1045347
1044420
1307997
1142579
1185118
1554167
1603607
1345695
1294401
866436
1050085
1037519
1011254
967891
846866
938433
514794
150277
420549
397477
392842
278100
-102073
-181795
-239784
-314150
-399434
-240299
-272229
-571341
-518090
-611717
-866333
-927000
-760449
-391606
-527875
-703181
-754784
-613159
-588954
-737583
-495121
-338046
-429922
-463397
-258530
-149556
-310030
-224540
-259457
-10609
227939
92391
174173
248848
235046
47174
164594
147290
632935
382027
365856
391194
125763
470813
353805
380688
670118
361633
169538
314974
115360
107944
335162
143273
186533
122261
-305807
-179735
-226909
-65096
-220008
-242462
-129574
-496048
-508305
-654462
-643750
-469783
-675886
-726356
-601005
-619030
-384087
-444239
-375126
-111652
-139668
-198584
59431
200129
249466
393048
268830
629845
753239
766320
790319
701636
1029691
801340
912477
848308
931635
915258
926485
976955
829768
701739
857990
767041
811743
860874
704005
833476
427553
562586
616970
381615
518296
277894
-87653
-144818
-181280
-337222
-242668
-429613
-629021
-719558
-854385
-995804
-1075835
-1143300
-1436026
-1414087
-1560553
-1648103
-1550253
-1743687
-1752339
-1750279
-1649133
-1743069
-1584037
-1322211
-1456008
-1270196
-1035253
-1383805
-1104778
-952338
-989315
-458556
-585246
-224849
-117317
-303438
272126
410146
677843
943892
873749
1151952
1247845
1585891
1567763
1763154
2022302
1575385
1872849
1879235
1778913
2112839
1805590
1718040
1919096
1638730
1440970
1596912
1317164
1020009
988491
833682
752003
307146
393254
80958
-72409
229896
-20703
-372345
-259766
-515412
-561247
-564337
-890126
-817717
-1118992
-1193461
-1231571
-1085414
-1341781
-1442515
-1300581
-1489792
-1235794
-1443030
-1450343
-1152261
-1293062
-1111370
-1172449
-1144021
-852428
-1035047
-866436
-853561
-712966
-747059
-721824
-434557
-402833
-321978
-97026
116184
-36668
186430
-51088
97644
545076
360397
366371
465148
619030
653741
740570
768689
839553
757050
828841
838008
888993
1028970
860462
889199
795160
946055
815142
544561
736347
632626
165315
499241
253380
400876
224540
-107429
186533
-269345
-25853
-465045
-65508
-125866
-358852
-240299
-358749
-607185
-157796
-373272
-496357
-93833
-314253
-76014
-64066
-40994
251938
125454
5562
304674
289945
244831
216609
517266
617176
231441
409425
361324
413648
543737
190035
402318
579272
542295
433939
352260
577624
618103
457320
134518
44908
175100
60667
15347
-97953
-269757
-495636
-166654
-473388
-466487
-611614
-929678
-972423
-951411
-823382
-971805
-824412
-894761
-1229614
-1116829
-1084075
-1151128
-960063
-924734
-977882
-962535
-991890
-604301
-630772
-676092
-226085
-455466
-115566
-269036
-173967
277173
342166
503876
629639
581641
562380
676401
969848
1016095
1117550
1276479
1122391
1492882
1557772
1474136
1395547
1424181
1570853
1303877
1492882
1555094
1431700
1331687
1143815
917730
990139
893731
592662
528802
297567
54075
232471
-62624
-103206
-282220
-526433
