-23868
-251117
-216374
-187620
-144029
-108923
-62662
-23086
25189
65017
110634
149076
187386
221363
250952
278057
300103
315083
324708
331548
327988
327508
314812
301205
274089
253399
216672
190638
148359
113668
62919
32247
-19437
-56363
-106604
-140319
-183334
-211943
-252437
-269367
-301126
-311705
-332747
-330490
-336882
-323049
-319209
-294418
-278942
-248396
-221694
-182915
-147148
-105443
-62326
-19558
25628
66529
111761
149907
191857
219314
254855
275096
304062
313705
329491
329163
335130
321593
319250
294547
283807
248212
226198
182763
151572
106986
73261
20692
-15799
-64325
-99949
-146209
-180391
-219881
-246926
-279168
-296382
-319154
-326867
-335459
-331930
-330721
-318241
-301762
-279173
-251747
-222348
-183353
-149203
-106977
-67395
-17043
18535
70333
106012
152183
182764
221942
247587
279333
296083
316406
322568
332880
327376
328936
310504
302714
274749
254243
220020
187481
150554
111816
66850
24746
-17425
-59591
-102415
-141931
-179810
-216708
-248241
-278491
-295737
-317149
-324958
-335102
-332581
-327989
-314317
-302462
-274449
-253000
-219769
-185702
-145743
-110542
-60464
-22169
24562
69911
108334
150297
186663
220656
251749
279054
299628
317144
327545
335113
331128
328760
314759
301769
275484
254842
216755
193585
149713
114959
69905
30896
-16747
-55193
-104291
-138534
-180733
-214503
-246485
-272943
-295509
-315049
-324971
-332659
-330738
-329922
-315938
-304667
-274622
-254188
-217669
-192851
-146523
-111913
-59492
-26740
25839
57564
111997
139911
187734
212911
254813
273102
299349
310224
325722
327738
330874
321306
314123
295092
274240
250151
216400
186438
144463
107861
64504
23840
-23787
-58880
-110417
-143299
-189226
-217498
-255824
-273617
-305103
-312794
-335764
-332635
-339722
-325841
-324801
-300897
-283589
-249882
-227475
-184496
-154881
-106718
-70073
-18649
18306
62880
104112
146563
181649
219387
245672
275866
294137
312549
321974
327015
331183
319599
316672
294329
278365
249155
222381
183682
152779
106448
70627
20579
-15504
-65046
-102046
-147905
-178527
-222353
-244726
-281704
-293286
-319354
-323451
-338332
-329842
-333306
-315009
-304883
-275030
-253276
-217821
-184971
-146724
-104778
-64037
-17821
24029
68418
106953
147580
182154
218292
249561
277763
293601
314525
321031
330752
324431
326976
309128
299914
272405
250676
215749
185011
143900
108955
65981
23021
-21637
-64363
-107211
-146934
-184604
-221149
-250442
-282828
-299513
-323205
-329053
-340573
-336027
-337634
-321097
-308754
-280508
-260954
-227866
-194126
-151406
-115612
-67854
-29662
20094
61092
104516
140551
181486
214344
243246
269696
290943
308652
318046
325367
321863
323928
305001
293851
267335
247303
211777
184231
141216
105623
58330
21675
-27976
-62756
-112373
-144655
-191805
-218718
-253723
-274956
-305987
-315973
-333807
-332606
-341157
-328732
-325483
-300404
-283375
-252748
-226269
-185082
-149115
-108497
-64076
-24404
20831
64229
108709
144383
185846
214815
250941
272262
299997
309888
326058
324891
332203
316562
318268
287917
278386
241856
223994
176623
149937
100519
69619
17298
-15320
-68510
-98126
-152010
-178247
-225449
-243494
-281056
-297422
-320321
-325706
-336099
-330618
-329289
-314873
-298226
-276526
-251180
-219974
-183875
-147756
-103050
-66350
-15925
19204
72410
106233
152380
183714
224027
245592
281378
291535
322044
317629
335886
327045
330717
308708
302943
273682
257024
217385
191310
143359
115061
64247
28536
-22660
-57217
-106266
-140621
-185860
-216325
-247315
-278101
-297907
-319742
-329263
-337247
-334470
-333829
-319388
-306245
-279752
-258150
-220502
-193339
-146972
-113602
-63532
-29524
23864
57901
111254
141272
186743
213496
251294
269895
300638
310082
324572
324868
328956
320868
312765
293591
274139
248730
218323
185433
145114
110728
61835
27219
-21240
-63662
-107694
-145009
-187047
-220936
-254877
-277230
-304540
-319183
-333824
-335079
-339646
-331501
-322996
-302645
-281032
-259598
-224158
-191323
-150771
-112673
-68891
-25603
22553
59526
107286
142465
186832
211825
250079
267993
297408
306228
324750
323543
327727
319263
310920
290922
274303
246445
220311
182580
146326
111060
65558
26542
-21181
-59554
-103955
-140342
-184709
-216079
-249820
-271054
-302869
-311984
-331450
-325321
-340321
-322696
-321088
-295409
-281501
-246899
-225653
-179121
-149763
-102441
-70316
-17244
18094
68060
105620
147911
187085
219398
248427
274141
295795
312639
325145
327273
330673
319569
311234
291844
277952
243638
222897
179573
147104
104910
67833
17624
-16730
-69744
-100471
-151763
-179032
-224258
-245119
-280233
-294935
-321307
-324524
-337076
-329907
-331626
-312530
-303172
-270919
-253942
-217783
-186884
-145101
-105228
-64087
-21055
25300
67305
107736
150067
184753
222018
248583
275321
293935
316235
319349
330542
323413
325686
307726
298528
269636
249803
214293
186850
142060
108730
62205
25029
-23894
-63067
-110099
-147062
-190908
-218276
-255226
-281090
-302616
-319059
-336980
-336147
-340658
-335368
-320455
-305704
-287507
-256952
-225288
-192501
-151773
-111163
-71461
-27973
18775
61661
102733
143432
180559
212905
246695
274025
295319
313003
322261
325390
329670
320686
308807
294969
272789
246251
216541
186779
138364
108083
64326
21238
-24828
-60033
-111514
-146820
-186507
-221084
-255609
-275506
-306704
-322746
-329675
-338019
-339801
-330968
-321888
-302808
-284787
-253040
-231370
-189413
-152390
-109364
-68766
-26518
14197
61500
103836
144927
179318
215592
242574
268016
295735
306507
324062
323558
328151
314910
315048
287602
275878
243189
220255
176092
151071
102892
67184
19223
-17427
-70385
-103536
-146972
-183786
-222619
-245792
-284370
-298967
-316211
-326956
-334788
-334651
-331186
-319962
-301259
-279478
-253100
-224829
-185362
-150587
-106577
-69548
-19483
15431
67213
101085
151217
176830
220697
241526
277160
287215
315363
312965
332831
320478
328247
301839
297058
264238
252333
209479
185741
139670
107165
57984
22777
-24442
-65015
-110535
-148241
-189255
-222424
-252597
-280598
-302380
-321599
-329568
-337967
-334718
-334965
-317900
-304477
-275384
-255735
-217135
-190317
-145694
-109748
-60694
-25727
28796
61145
114273
144723
189074
215042
254224
271529
303416
312243
330629
327996
333332
325516
317076
296269
279585
249015
221552
187557
151046
111516
68070
28158
-18613
-59795
-103436
-142527
-184094
-216687
-251349
-273166
-303005
-314576
-329505
-331105
-336201
-324760
-319584
-294993
-277901
-245451
-217269
-179050
-142885
-100611
-60031
-14807
29010
72455
114726
153560
192325
224694
257202
281667
304328
320443
330580
336276
336803
328650
323329
299394
283261
251451
228524
187000
156401
111822
73665
26832
-11796
-61282
-97723
-142023
-177701
-214432
-245302
-272104
-295046
-309770
-325340
-328325
-333509
-321332
-317701
-292830
-279458
-243736
-220762
-177599
-146498
-97704
-65740
-12140
22550
75899
107194
154917
182946
224643
248936
280194
299231
318523
322956
332700
330620
326411
312588
300349
276945
249055
220656
181854
150239
105341
67544
21248
-15099
-69409
-104808
-152636
-180881
-224227
-248999
-284121
-297958
-324002
-329010
-340802
-335561
-335680
-316439
-307880
-279074
-260272
-220833
-191326
-148094
-112812
-64486
-26598
20429
59786
106315
142718
184037
216662
245220
269934
293941
310225
319595
327044
326780
323452
309317
296607
268851
249298
212659
186081
141619
111617
61444
24260
-24863
-62292
-107436
-143479
-187366
-216943
-255348
-275117
-304003
-316062
-332776
-334743
-338798
-329509
-320613
-302837
-281208
-253006
-222855
-187860
-147589
-109139
-63558
-21182
22405
63506
106482
143293
186764
214965
251699
272052
298371
309462
322568
326113
329745
321353
315386
293635
275807
247510
220447
186628
149150
108859
67470
24718
-17925
-61483
-108019
-143086
-184541
-214278
-248332
-275262
-300732
-314023
-329721
-331169
-336616
-328471
-318343
-297720
-278100
-250362
-222355
-185216
-147898
-101407
-63283
-17499
22487
70300
110347
153070
186995
220508
252546
277099
299865
315340
327606
330670
333549
324053
314797
297343
279322
249320
221842
183591
152312
109966
72336
24927
-14316
-61378
-98890
-145102
-178437
-217063
-244404
-277727
-294557
-318001
-323266
-333826
-328642
-329441
-313441
-299555
-272726
-249061
-214655
-181956
-140574
-102093
-61617
-15793
25041
73294
109533
154536
187189
228326
250802
285563
298480
322244
324325
336573
329036
331348
314043
303941
277640
257054
220823
194596
151460
117649
66979
36067
-15474
-52800
-100705
-137341
-179740
-206958
-246317
-270511
-294998
-308658
-323804
-327045
-330157
-322036
-312397
-294007
-270531
-246018
-210300
-181834
-137372
-103075
-51503
-19536
37034
66510
120269
148959
195157
219053
263202
275098
309192
313810
333988
331259
339203
324354
322154
296779
284670
252284
227493
184185
154194
108976
70986
26674
-13098
-61800
-100144
-144108
-179355
-217429
-248978
-275980
-300242
-314309
-328367
-331887
-335278
-325301
-319294
-298127
-279674
-246128
-222570
-181407
-148553
-103743
-65506
-18258
22640
70926
105173
151352
183630
222767
251108
280053
296875
315031
322208
333089
329504
327304
313600
298218
276733
251412
221989
188354
151515
110400
71099
25538
-18241
-61023
-102311
-145371
-179425
-220171
-246544
-276930
-295432
-317548
-325406
-334510
-331309
-329588
-315356
-301238
-275849
-251599
-218241
-186606
-144095
-105461
-63361
-19321
21154
67567
108423
151049
185055
224576
248829
280223
298100
316016
326161
332577
331905
325784
314641
299050
275550
250780
219917
187490
150260
110145
68708
26235
-16344
-61350
-101006
-146034
-181176
-217538
-245352
-279042
-295335
-320331
-326740
-337316
-328563
-332059
-315923
-303244
-275143
-253397
-218174
-189588
-147381
-107483
-63957
-21678
23285
64090
109634
148141
185603
220028
247561
276099
296193
314901
322407
331775
325823
329207
309863
300681
268988
256123
214684
190042
143179
113297
62235
29612
-22976
-58485
-109054
-139913
-186160
-214681
-253223
-273448
-300854
-318713
-328931
-333602
-335802
-331665
-319592
-302689
-279932
-253410
-220859
-188144
-148561
-108887
-65098
-23458
25209
60750
111399
144217
189439
214008
252102
270015
300494
308770
327492
324068
331628
315236
315101
289815
277196
240562
221092
176177
145940
96226
65710
12990
-23267
-72761
-108872
-156178
-189439
-231176
-256260
-288293
-306313
-328420
-340140
-349042
-346576
-343029
-332939
-314203
-298708
-266920
-242071
-199890
-170713
-120725
-87230
-38011
-1686
48674
80044
128066
155642
198015
215023
246957
255695
280832
279477
287611
273000
272687
247117
231527
196283
170099
129182
93126
47875
3181
-43531
-90758
-132531
-145323
-275137
-389287
-415304
-388685
-337750
-238068
-168287
-184723
-185788
20026
-172888
-266211
-292546
-160567
-96723
-247471
-266841
-206136
-52399
110287
-3270
-56518
-30303
129309
207037
383332
177365
212927
297245
383297
423106
401910
419869
308002
270732
186435
261469
289789
329729
244585
96315
184879
157577
251486
58415
198984
-73177
83608
-74642
-41993
-259796
-45220
-133838
-80318
-254964
-200493
-380605
-310854
-346552
-284286
-363683
-254071
-340048
-299766
-223146
-170422
-153570
-144415
-84605
-96595
-511
35649
82405
33683
185143
185920
267921
322880
344649
329327
321143
363911
302075
297094
280034
343736
277118
332012
228123
245343
134426
200369
103225
104764
-63697
17383
-118947
-9229
-154203
-109769
-191443
-101732
-201759
-184047
-326904
-275616
-349079
-349572
-358193
-355414
-290882
-289399
-291595
-273752
-139134
-70125
-16685
29317
68586
108001
180948
210798
221164
182481
218123
225976
262917
234629
196592
191208
205241
215592
201213
164349
146601
156351
144348
144354
107840
72739
64242
7562
-57983
-132583
-171431
-222074
-256511
-326488
-367952
-407683
-390977
-389890
-363906
-376429
-359855
-347228
-314801
-279339
-246577
-203826
-160690
-113446
-92960
-42101
-12696
24250
47911
85913
130895
169303
224954
271831
312557
330223
360575
387051
418628
414200
418342
416691
424688
394348
379012
328326
278886
209684
182970
142812
108226
65837
13661
-22373
-61322
-103211
-162022
-191042
-235179
-268758
-300189
-330417
-346224
-359494
-354442
-348471
-325412
-318037
-309398
-288200
-239773
-191967
-154064
-123173
-100894
-58522
-3451
44998
91360
133845
176493
194087
221760
239724
260223
265047
277823
273509
268932
253435
248636
235205
213561
179983
140521
98128
61420
39620
-441
-31129
-62805
-91341
-132922
-170922
-227093
-261833
-297593
-303317
-324368
-323224
-327097
-317001
-321450
-305619
-301014
-271257
-255632
-222792
-202869
-177796
-139031
-100510
-67201
-33489
10387
53186
100739
145015
193837
220645
246186
266068
306132
317166
337768
323278
332591
318238
330952
317319
313360
276018
262752
229272
209716
161947
119759
57000
11009
-47112
-88194
-137600
-175367
-217081
-253575
-285784
-314701
-331942
-338310
-332533
-336468
-330539
-319523
-294036
-272832
-237982
-215361
-175439
-145322
-96080
-55940
4699
41258
97037
135369
190985
223281
260782
266750
289182
302754
331269
332653
342388
327907
332147
317362
307051
280342
256027
221180
190401
154370
126487
87984
42517
-6112
-62176
-115112
-161986
-199734
-241998
-280384
-316558
-335519
-353030
-361211
-376039
-374465
-378932
-361677
-339833
-307088
-280642
-238720
-209211
-162529
-135861
-72293
-30308
20112
56973
97150
131075
185587
223644
258225
275137
298967
308875
327957
336437
343220
328610
307258
278901
258402
226579
204119
168574
119514
76251
38722
3653
-33827
-69423
-114351
-148369
-180799
-207345
-230991
-263843
-276987
-288769
-298326
-302209
-305156
-298831
-285875
-266832
-243815
-222033
-191054
-151615
-110396
-86263
-43556
-12919
32731
73335
115926
130216
169400
194291
239515
256566
286823
286916
310993
310451
331621
313652
318222
287079
277964
242730
222892
173809
142532
81730
54368
-16686
6884
-110813
-149975
-188141
-221350
-229515
-259799
-314399
-362377
-373285
-346799
-338677
-317155
-338677
-341507
-302122
-268589
-226444
-207256
-160455
-137187
-80955
-69833
1352
17024
81070
108716
176486
170153
235948
237583
296290
279630
348444
337569
353952
316157
319270
314783
311769
290555
234719
212283
169625
142844
103387
62710
17494
2996
-54860
-89670
-142339
-154129
-176206
-207593
-242767
-262466
-280850
-294223
-305988
-301686
-309105
-283508
-276737
-253463
-227712
-192436
-173245
-111848
-86522
-21775
6075
60962
80331
143377
185240
233833
251812
277294
296356
324008
328608
345160
352414
353027
344112
323134
309622
291104
264813
239652
195631
152895
111293
75375
24862
-13853
-64084
-99948
-152440
-187413
-243502
-267016
-302784
-310619
-334693
-339244
-348634
-351432
-332805
-340228
-307147
-303133
-232616
-250220
-190941
-180222
-111440
-73978
-19449
12289
33888
96251
144792
194118
221654
235091
272383
316005
341015
335253
345756
351202
353367
345036
315458
288891
270392
258583
204119
164238
120594
80028
50242
-13836
-64307
-109379
-135069
-176781
-193375
-240256
-271170
-309809
-308347
-341110
-320356
-344077
-346275
-349993
-300142
-289457
-260342
-250278
-195008
-161240
-107644
-72447
-22974
18973
70570
114586
149684
184713
223291
250192
277745
296911
324635
337355
337218
325761
324009
319538
304955
274157
231300
215608
171893
146608
89582
55635
7693
