29156
-259553
-233410
-212029
-174835
-145126
-106252
-73735
-31566
4702
48965
82815
124149
153294
192963
214068
242122
260932
277396
285858
294719
294291
290263
282940
271129
251624
229946
202253
171933
144064
104910
74233
30248
-3435
-45587
-80413
-122772
-151349
-191498
-214035
-245481
-258771
-286667
-286048
-304389
-295136
-304444
-283239
-280900
-253642
-237923
-202806
-182293
-137351
-112142
-64824
-32888
11684
42842
88333
121162
159324
186192
215249
239887
259906
277202
285960
294397
290841
295454
278266
272632
248190
235000
200763
178091
137645
110844
64711
38071
-13246
-39060
-88175
-115333
-160991
-183523
-222356
-239377
-269252
-277347
-297137
-297517
-304609
-296987
-292991
-273739
-258282
-233314
-208422
-176604
-141631
-107878
-69288
-30568
8236
46667
87933
120162
158148
186376
219666
238359
262354
275546
290640
293708
298544
288300
285497
267694
254637
228542
206370
172089
143876
106394
71213
32205
-5767
-43439
-80545
-117687
-152409
-187310
-214912
-242845
-261896
-279776
-289101
-299554
-299678
-294945
-288021
-273586
-257376
-233281
-207540
-175139
-142262
-106516
-70623
-30479
9285
48252
85582
122972
158645
189537
219642
241567
264354
276865
293992
294388
300208
294963
289543
273132
257962
231771
212927
177477
150063
110725
77479
33430
-575
-41606
-75097
-114392
-147426
-184120
-210570
-239080
-256875
-278451
-289681
-296446
-299834
-296533
-287121
-273470
-259861
-233429
-209096
-173935
-145706
-102096
-72419
-26050
3929
51680
79410
126496
151969
192486
210415
245397
256343
280544
282142
298003
292495
298355
281446
274412
248227
232492
201576
179903
140937
110968
67275
32634
-9138
-43377
-85083
-120249
-156466
-189135
-215088
-244278
-259464
-283104
-289894
-301778
-297781
-305617
-286940
-280689
-253526
-240999
-203522
-185937
-141738
-115761
-64835
-38755
14266
39600
86475
115497
157595
181495
219241
234950
260658
272850
290225
289525
297066
290373
284690
271023
255958
230591
207635
173825
145484
106866
73637
31948
-5280
-45447
-82441
-119367
-155089
-182334
-216296
-239629
-264128
-277600
-293630
-295794
-303838
-295377
-292829
-271057
-257976
-231328
-210372
-172650
-143293
-104388
-68711
-29167
7477
48884
84126
124284
154141
188778
212395
241001
260507
276780
286730
293511
295619
291479
282875
268753
253000
230969
204909
175460
141550
106365
70304
30383
-5412
-47676
-83582
-119980
-155709
-191938
-217330
-245512
-265826
-285193
-293863
-304067
-307254
-300552
-295043
-279879
-262485
-238413
-212480
-180894
-148688
-108526
-75449
-30719
5188
44340
83902
118708
154406
186179
212468
237538
258365
274141
285724
291257
293718
287210
280207
266460
250124
226389
202202
169305
139676
101795
71575
26198
-3717
-51261
-80494
-127405
-152173
-191954
-211651
-247281
-263331
-285659
-291504
-302652
-299239
-302907
-287454
-276579
-253169
-235874
-205077
-176764
-140591
-106045
-66696
-32224
11060
46890
88236
122410
159579
187559
217560
239822
261656
278193
286847
297876
292919
295051
280183
272493
249420
232933
201241
177240
137723
115970
67964
41347
-9570
-35737
-87860
-110209
-157932
-178225
-220643
-234776
-267891
-271843
-293857
-290581
-305050
-288965
-291081
-267950
-258117
-227542
-205042
-170417
-142596
-102507
-66902
-27350
10814
50796
91518
123435
159484
188336
221593
239422
266553
275472
293703
293059
301743
289514
290951
267931
259547
229755
211655
171469
150584
104046
78153
29111
-964
-47172
-77894
-121725
-149622
-190668
-214116
-244450
-262172
-284044
-292474
-301206
-303753
-299524
-292095
-275796
-260722
-233386
-211390
-176636
-146830
-104452
-74544
-27911
3765
48036
79391
122797
153886
190131
213916
241370
259700
279525
285074
295168
291364
294592
281268
269874
248481
230434
201398
176286
140464
107311
69722
32457
-8451
-43922
-83668
-123042
-153507
-189456
-216345
-244319
-264257
-283977
-294198
-302834
-303181
-302320
-289387
-278112
-259366
-234974
-209457
-175624
-142730
-108401
-72228
-30763
7281
45112
83203
122704
153193
189375
213608
242061
257520
278512
283550
295596
292360
293692
278408
273358
248005
233806
202130
181137
141299
111978
72156
37955
-2833
-40649
-79892
-114226
-152676
-182658
-213691
-238465
-260396
-277460
-288338
-297455
-297411
-297895
-282938
-274504
-251302
-235903
-199259
-178538
-135292
-111476
-64934
-34526
15278
43212
93127
119691
163221
184417
221786
236215
264994
272674
292161
291389
296793
289037
283610
267495
253215
231128
204851
174266
140813
108092
70631
35678
-8494
-40877
-85688
-113766
-156224
-182005
-219727
-234444
-265719
-271951
-291829
-292370
-301942
-290209
-288054
-267403
-256018
-228731
-207799
-171997
-142984
-102007
-69642
-26026
9833
54056
85977
126319
156567
190076
213125
241147
260206
278590
285604
293121
292997
290601
282606
268075
249195
228628
204160
171775
141154
103961
67932
30348
-8008
-45935
-84393
-125487
-154879
-189092
-220669
-245250
-264492
-288324
-292305
-303069
-303072
-302171
-291326
-282995
-261384
-237280
-211579
-179129
-146572
-112778
-76580
-31531
6137
45665
81515
119209
152754
189568
214897
239302
261521
277457
283431
295317
296065
291877
281113
271639
248229
231063
205675
172970
141717
107315
69446
29158
-5054
-50789
-84519
-121173
-155654
-194715
-216339
-246929
-266123
-284226
-293303
-306059
-303526
-298537
-291141
-278377
-259479
-240671
-212114
-179072
-147786
-108928
-72227
-36746
5187
45362
80708
120530
153604
183273
206443
241425
255260
274309
283531
291169
287413
291642
277438
268668
247548
228461
193945
177298
134956
106324
66071
32063
-11965
-46140
-84550
-120420
-160813
-185314
-222227
-243272
-264930
-281130
-296839
-300075
-307214
-297689
-293397
-277873
-261191
-235703
-212314
-177280
-147931
-108136
-72411
-34026
4378
46793
85323
118833
152187
184296
213233
236783
258842
270555
287266
289639
295859
284071
282085
262658
253538
222299
204624
167775
142218
97801
71181
23388
-3927
-52526
-81104
-127966
-155110
-193635
-217691
-247025
-264883
-284570
-292040
-301692
-302775
-299482
-289550
-274298
-257121
-232753
-207469
-173436
-144390
-105797
-72184
-27359
3564
50068
82326
124788
152229
191290
213643
246152
259146
282595
285208
300277
291961
299989
282624
276078
254092
234117
204409
177824
143426
108576
70811
36010
-3826
-43066
-80692
-119930
-154780
-184505
-215962
-243064
-262058
-280114
-289912
-296485
-298872
-296140
-285912
-271341
-251580
-230357
-201553
-174008
-135875
-101834
-63582
-24702
13173
54315
90709
127330
160738
194702
221799
247691
265845
285293
293626
301750
299081
298549
287896
277797
254643
238796
206775
182062
140823
113238
72216
39303
-6077
-38877
-82952
-113630
-155784
-183805
-215726
-239220
-259855
-277263
-287653
-295346
-296470
-294610
-284566
-271115
-249562
-228171
-201168
-174319
-135474
-105889
-62316
-30637
15871
48165
94607
122372
163253
186857
225922
237318
268993
273409
294407
291891
301568
289211
288775
266540
256580
227196
206512
172911
144042
104609
71268
32571
-6745
-45296
-88435
-119144
-158033
-186726
-219319
-241516
-268471
-277622
-299908
-297784
-307051
-294510
-296218
-273805
-265868
-232188
-214775
-175013
-148888
-107749
-75872
-32159
1933
48229
78111
121461
150222
185236
209613
239868
254679
273999
282630
291067
290712
290100
278177
267575
248438
225816
203180
170764
140287
104110
70713
28720
-7579
-49466
-83980
-125186
-153227
-192968
-215960
-246662
-263328
-284552
-292629
-305009
-302300
-303263
-289474
-280351
-256949
-240157
-208168
-181430
-145664
-111102
-69761
-36208
8220
43299
83774
116643
152917
183067
214820
236602
258317
273565
285740
294377
294869
288129
282646
266987
249547
228852
206504
173023
142778
105833
70524
33499
-6057
-45264
-83379
-120656
-154722
-185767
-217496
-242198
-264232
-279360
-292854
-300010
-300309
-298745
-288956
-274721
-256071
-234240
-207083
-174754
-141637
-103171
-67863
-29070
10397
51548
89246
128363
158371
191640
217752
243070
262248
280088
288294
297946
295366
295810
283982
272491
252690
231795
204311
179278
143488
113118
71456
37816
-3293
-39260
-81840
-114086
-155432
-183093
-214710
-237428
-261503
-276159
-289917
-295538
-300926
-293937
-287805
-273314
-252817
-228466
-204798
-172813
-137000
-103375
-64635
-27227
15025
51167
90513
123390
162455
192315
222803
244368
267042
279201
295631
295203
302223
291682
290719
269947
260722
230290
215374
176612
152086
109988
80542
35629
1864
-42152
-75827
-117266
-144331
-184882
-207619
-239370
-255004
-277501
-283803
-296633
-292405
-293569
-281469
-270539
-246154
-225916
-200280
-168983
-139003
-98706
-66158
-24078
11901
56060
90069
130474
159090
198303
215334
250676
261245
285950
286451
303824
294307
301015
279594
279112
249510
236599
201378
179850
140636
115754
70668
40044
-8361
-40080
-84427
-116793
-156963
-183808
-218265
-240982
-263817
-280121
-292415
-299067
-300006
-299090
-288469
-278394
-251072
-236001
-205108
-178819
-139622
-108484
-66111
-33335
11413
45084
89510
118243
160541
187121
219914
240431
264954
274570
291040
294373
299641
291908
288672
269173
256716
233045
207120
175847
144578
110336
72802
33290
-5643
-45370
-83812
-120786
-157139
-185208
-218809
-240935
-265657
-281889
-294406
-301018
-300646
-297929
-287237
-271978
-255592
-230969
-206461
-173036
-140095
-105261
-67425
-29776
11635
50882
87012
123209
159618
189743
218487
243229
265423
277647
292445
294521
299509
292320
287605
270298
256513
231305
209949
178091
145430
111140
75038
35941
-1559
-41839
-79146
-116144
-151570
-183072
-214785
-238951
-262970
-276538
-293656
-294572
-303288
-293707
-292351
-270395
-256450
-227291
-209775
-170894
-143281
-101623
-69899
-25682
9729
54232
83761
126615
154647
193660
214901
244410
261693
280149
289242
296079
297075
293151
284291
270736
257223
233744
208595
175786
149900
107626
78509
33547
1223
-44761
-78804
-120442
-146659
-190330
-206202
-242129
-257124
-282340
-284962
-302015
-294994
-301454
-281833
-279311
-251917
-236998
-203569
-176424
-136434
-108010
-65181
-30733
11543
46302
88888
124085
158910
186475
216156
238281
260700
275980
286483
292856
292260
290200
278837
268635
245554
228868
197912
171776
134955
102250
65174
27590
-14709
-53236
-94213
-127242
-169554
-195621
-231349
-249353
-278091
-288129
-309278
-311008
-319178
-311171
-309029
-288743
-279228
-251242
-230131
-194823
-165695
-127875
-94795
-54648
-20265
19521
52007
89577
119606
149399
170597
191184
207401
216479
225149
224825
220470
212059
198289
181473
156827
132088
101735
73307
38586
13477
-34500
-133408
-192968
-240672
-153043
-105624
47837
-69689
147055
5573
-136291
-267747
-300170
-155253
-162882
-321294
-299967
-252098
-145124
-79850
-144560
-163791
-214155
-79016
42105
99148
36776
58115
200140
153172
189145
280306
264120
182736
188193
271698
365801
296068
320808
324249
290642
315606
327672
302648
182987
156012
246385
168003
156575
27363
63928
16784
41350
-79047
-68621
-130125
-161965
-172457
-252724
-228829
-303537
-293844
-274704
-315135
-330592
-279968
-284582
-271907
-199946
-234017
-175405
-165223
-87771
-81544
-13254
-16821
51197
9103
134238
178245
257592
340224
331415
315286
214848
292637
263882
309945
234964
252223
191760
246177
274315
278017
132359
143583
52749
118471
71049
71176
-11713
-48207
-42570
-164572
-115856
-183226
-221396
-324281
-245841
-352363
-314728
-323394
-240194
-304813
-201472
-262287
-139151
-171070
-30345
-101709
5335
-54425
70805
21557
146586
104032
124131
150548
160210
197558
184758
200775
201095
222614
223003
212768
179366
229424
214220
194322
147042
122800
108361
44772
39438
-23990
-73836
-148003
-169512
-217076
-244561
-286323
-302656
-343859
-328521
-330849
-323273
-317145
-289251
-275679
-258758
-222526
-193931
-177283
-171798
-151849
-138430
-106749
-94096
-49605
-19847
60668
94853
162537
199573
243661
273615
315814
331831
344446
360092
372968
379531
376141
368415
322466
289410
266695
258422
228031
201459
165258
117918
82608
32054
170
-52030
-79440
-121358
-150855
-200141
-232837
-256736
-248073
-253506
-280795
-309929
-312475
-310845
-294055
-267827
-246019
-243605
-220335
-195356
-154148
-129913
-79593
-34800
19445
55266
118340
144757
174387
202342
233125
233945
246980
242670
249241
247946
254252
240349
231431
200851
188155
161020
148096
111518
89376
49253
10911
-42954
-88973
-136938
-185017
-206307
-229529
-240685
-263152
-268928
-290959
-289427
-285704
-267789
-273692
-255107
-246716
-215486
-199371
-164483
-150687
-121501
-102806
-58121
-24626
21633
58590
102791
125451
164171
189023
211856
234654
258386
277666
286760
305181
299512
300171
275983
282597
253826
239931
193710
172822
126137
103370
53533
26959
-22037
-43762
-95581
-121353
-173434
-189693
-226486
-234698
-267125
-273957
-294731
-293759
-296139
-294167
-294019
-278879
-261589
-232317
-195081
-158897
-124446
-90087
-56652
-12605
35645
74009
106047
128058
171411
203966
245837
262623
285727
285620
300769
303100
307503
287570
277703
248853
240182
224305
206526
166756
135104
81320
47958
-3432
-28312
-77164
-103819
-144822
-167813
-206712
-228351
-259515
-276915
-307289
-318660
-331773
-329724
-321644
-304941
-296968
-288867
-270544
-248839
-214177
-173127
-132089
-87753
-43135
-9505
32640
82052
127634
166586
194302
218542
242188
271230
285477
286098
278695
269349
263316
255588
245261
226687
209035
175562
159524
119809
94082
64270
35071
-14014
-49772
-90110
-127387
-156571
-184672
-218298
-244879
-264417
-280001
-281231
-285524
-285689
-278831
-265548
-251276
-230269
-207265
-180448
-145218
-112424
-71746
-39786
-2661
31364
67040
101936
145371
177241
213244
237890
264061
278068
302986
313501
328007
333767
331878
319598
296599
273355
246505
218291
188208
142033
118728
43018
64268
-5260
-104115
-82982
-150092
-143106
-219992
-234773
-313985
-285394
-286943
-288412
-319881
-353706
-336487
-312830
-267488
-277439
-234069
-221753
-185389
-148311
-115941
-83575
-34140
-1592
33712
68100
98804
172744
168930
233118
205905
271992
252807
298704
263756
303779
268534
273702
258060
256629
212541
171827
155750
128555
113060
62046
52878
-10824
-14983
-80421
-67915
-147291
-135057
-223801
-172365
-265296
-228608
-311380
-250302
-291055
-240156
-275502
-243533
-251911
-195752
-181144
-129394
-117562
-65148
-56228
1419
43531
107389
127112
164017
199053
228484
246008
274618
287105
317062
312975
334145
302560
329443
290931
303111
258706
259603
219179
195360
164304
128660
93237
34025
349
-48427
-93861
-135762
-178305
-206491
-219946
-255815
-278904
-308846
-308968
-320458
-312643
-327557
-286805
-311090
-256924
-269781
-213124
-196978
-147618
-130648
-104048
-58171
-16588
39990
72721
103408
137828
177899
214789
220163
246960
262554
291074
286550
308507
283726
296267
276319
266653
236276
211664
174390
146072
114039
88593
48414
6032
-36137
-60732
-96733
-128153
-180937
-195683
-238683
-224494
-287067
-277480
-305038
-278137
-300759
-276570
-289600
-251829
-242022
-194289
-177633
-119939
-116157
-50110
-25432
19859
41272
80531
108826
149836
186802
216243
249105
261802
278146
283392
294334
294666
293142
283250
267191
248599
229224
195228
164445
129928
99641
65556
