1781
1794
1793
1796
1787
1799
1812
1835
1857
1880
1908
1936
1966
2001
2032
2071
2098
2130
2159
2202
2217
2229
2243
2275
2295
2304
2311
2314
2294
2286
2278
2254
2231
2210
2190
2185
2135
2097
2051
2032
1999
1966
1927
1898
1861
1837
1829
1800
1816
1791
1780
1789
1806
1810
1809
1809
1846
1869
1905
1930
1966
1999
2030
2080
2109
2140
2165
2197
2230
2249
2270
2286
2290
2304
2298
2299
2299
2304
2280
2263
2235
2215
2189
2162
2129
2095
2069
2052
2011
1960
1933
1915
1869
1844
1831
1799
1792
1796
1797
1793
1787
1801
1818
1833
1858
1890
1909
1931
1962
1986
2033
2056
2097
2140
2149
2171
2206
2246
2259
2274
2288
2293
2304
2311
2294
2294
2278
2256
2236
2220
2186
2158
2127
2097
2057
2037
2003
1955
1926
1902
1875
1852
1830
1821
1796
1784
1783
1781
1799
1798
1813
1831
1855
1868
1897
1929
1956
1973
2012
2048
2085
2123
2156
2192
2209
2238
2260
2280
2289
2301
2310
2297
2297
2286
2283
2264
2236
2214
2189
2173
2158
2105
2063
2031
2011
1975
1943
1922
1892
1861
1853
1812
1805
1781
1788
1800
1810
1801
1827
1839
1860
1879
1914
1928
1973
1998
2031
2059
2090
2123
2156
2181
2214
2228
2269
2295
2291
2297
2312
2301
2305
2295
2283
2267
2236
2224
2204
2172
2124
2103
2070
2044
2009
1971
1943
1923
1865
1846
1830
1806
1799
1793
1774
1796
1784
1795
1807
1824
1834
1859
1893
1921
1945
1981
2024
2053
2097
2128
2151
2196
2212
2232
2254
2282
2291
2294
2291
2299
2300
2289
2284
2265
2238
2218
2194
2162
2134
2109
2064
2016
1981
1956
1919
1890
1870
1848
1837
1819
1804
1789
1782
1782
1791
1800
1821
1830
1848
1867
1900
1918
1949
1990
2015
2046
2099
2129
2160
2209
2234
2233
2241
2259
2288
2291
2283
2286
2297
2289
2275
2250
2224
2223
2208
2168
2125
2086
2062
2029
1990
1955
1924
1895
1852
1839
1808
1803
1795
1787
1780
1778
1771
1787
1809
1819
1838
1863
1891
1921
1959
1987
2044
2053
2075
2115
2144
2174
2205
2247
2279
2285
2301
2301
2301
2304
2291
2286
2273
2255
2234
2209
2199
2157
2130
2093
2068
2036
2002
1968
1937
1903
1878
1857
1839
1820
1802
1788
1780
1789
1794
1783
1807
1828
1850
1862
1895
1924
1952
1994
2031
2073
2107
2141
2154
2187
2216
2242
2240
2262
2276
2288
2289
2301
2294
2279
2262
2260
2239
2206
2186
2158
2124
2089
2045
2018
1992
1954
1926
1894
1870
1841
1821
1815
1811
1783
1775
1769
1782
1794
1810
1841
1848
1868
1889
1908
1946
1985
2016
2045
2081
2169
2211
2169
2215
2300
2244
2255
2359
2277
2282
2293
2285
2289
2379
2268
2222
2201
2181
2146
2231
2115
2039
2009
1973
1948
1994
1949
1860
1828
1802
1788
1785
1857
1766
1748
1851
1781
1776
1913
1836
1842
1987
1926
1923
2085
2036
2029
2176
2151
2144
2240
2238
2232
2272
2318
2258
2280
2360
2292
2272
2267
2275
2264
2348
2232
2176
2145
2116
2097
2181
2048
1987
1942
1927
1903
1956
1895
1819
1774
1777
1782
1827
1855
1766
1759
1801
1806
1843
1962
1895
1901
1942
1980
2016
2169
2115
2096
2134
2168
2217
2326
2295
2264
2272
2280
2300
2305
2307
2304
2258
2257
2234
2213
2177
2162
2134
2088
2056
2018
1990
1943
1923
1888
1870
1866
1832
1811
1800
1791
1788
1792
1793
1802
1822
1831
1845
1861
1900
1919
1967
1995
2023
2061
2097
2118
2148
2191
2215
2225
2243
2267
2283
2295
2308
2308
2305
2290
2276
2270
2248
2215
2184
2160
2128
2101
2056
2029
2002
1966
1941
1904
1876
1844
1836
1817
1806
1779
1788
1786
1791
1795
1808
1821
1838
1860
1886
1919
1946
1981
2025
2066
2114
2121
2157
2180
2216
2222
2251
2264
2291
2289
2292
2298
2300
2312
2293
2261
2231
2208
2181
2160
2130
2090
2050
2020
1988
1941
1914
1887
1861
1846
1812
1795
1791
1791
1784
1779
1787
1797
1814
1824
1841
1870
1888
1919
1959
1987
2017
2052
2089
2124
2156
2177
2205
2231
2253
2272
2286
2286
2293
2295
2295
2288
2270
2261
2237
2223
2194
2176
2143
2099
2065
2035
1997
1973
1933
1902
1885
1860
1838
1821
1820
1803
1786
1786
1785
1801
1813
1830
1844
1866
1902
1940
1973
2003
2026
2067
2091
2127
2162
2187
2208
2238
2246
2268
2276
2292
2296
2294
2296
2282
2274
2273
2230
2229
2194
2154
2133
2108
2066
2032
2000
1963
1937
1901
1857
1833
1823
1818
1802
1788
1771
1789
1787
1790
1803
1814
1839
1868
1892
1917
1956
1975
2019
2056
2096
2120
2163
2184
2228
2236
2257
2277
2292
2314
2308
2309
2307
2305
2289
2267
2246
2221
2204
2161
2138
2124
2080
2056
2013
1978
1942
1912
1884
1856
1839
1824
1810
1805
1781
1784
1789
1793
1810
1836
1859
1860
1903
1936
1972
2003
2025
2062
2103
2126
2156
2190
2218
2240
2260
2284
2318
2321
2306
2308
2306
2314
2302
2278
2262
2233
2204
2170
2131
2102
2072
2036
2003
1970
1943
1913
1872
1853
1832
1822
1793
1793
1785
1789
1784
1805
1809
1839
1860
1880
1907
1933
1966
1988
2016
2062
2098
2131
2172
2206
2216
2245
2279
2295
2314
2317
2304
2308
2296
2296
2288
2265
2246
2230
2213
2185
2165
2130
2077
2031
2011
1985
1949
1920
1895
1870
1844
1811
1810
1817
1800
1790
1797
1789
1807
1816
1846
1878
1897
1933
1970
1997
2019
2048
2090
2130
2158
2182
2200
2232
2262
2276
2277
2288
2287
2289
2284
2289
2273
2262
2237
2218
2182
2154
2136
2094
2066
2042
1994
1972
1947
1913
1886
1863
1840
1818
1803
1790
1785
1775
1785
1795
1819
1833
1845
1878
1908
1950
1966
1995
2026
2062
2090
2123
2161
2183
2217
2240
2261
2282
2299
2301
2312
2306
2308
2290
2278
2270
2248
2226
2198
2169
2124
2105
2059
2031
1997
1963
1931
1906
1874
1850
1830
1806
1803
1796
1791
1793
1793
1795
1808
1826
1853
1874
1901
1928
1944
1990
2020
2048
2082
2110
2164
2179
2193
2221
2261
2283
2287
2298
2298
2301
2301
2295
2284
2256
2240
2221
2204
2167
2136
2122
2089
2039
2011
1978
1952
1919
1886
1860
1838
1820
1803
1790
1786
1779
1799
1803
1811
1824
1852
1873
1897
1926
1954
1986
2023
2064
2100
2121
2150
2176
2206
2232
2252
2266
2276
2286
2282
2292
2282
2285
2255
2255
2232
2212
2189
2158
2124
2087
2052
2025
1992
1956
1919
1892
1856
1838
1825
1810
1805
1777
1781
1776
1767
1789
1798
1817
1837
1873
1885
1916
1956
1981
2015
2046
2081
2113
2150
2184
2218
2226
2258
2265
2288
2298
2290
2288
2281
2273
2263
2250
2227
2210
2182
2165
2132
2098
2058
2030
1995
1962
1953
1918
1879
1845
1821
1809
1798
1783
1781
1783
1787
1798
1793
1813
1844
1864
1885
1918
1949
1993
2030
2034
2084
2124
2158
2189
2217
2235
2260
2275
2276
2289
2302
2312
2300
2304
2280
2252
2228
2211
2186
2168
2128
2090
2054
2020
1995
1962
1928
1893
1858
1832
1817
1799
1798
1783
1767
1764
1775
1797
1786
1805
1832
1850
1885
1913
1961
1985
2013
2048
2072
2102
2144
2174
2213
2238
2248
2258
2270
2295
2298
2290
2288
2282
2274
2254
2229
2212
2192
2176
2136
2089
2071
2022
1994
1956
1938
1906
1880
1861
1832
1801
1799
1788
1779
1777
1777
1791
1826
1816
1839
1866
1892
1938
1957
1992
2038
2044
2084
2113
2145
2177
2205
2235
2238
2256
2274
2284
2299
2300
2275
2281
2271
2255
2222
2214
2190
2154
2128
2100
2056
2028
1983
1962
1934
1900
1856
1840
1828
1802
1794
1794
1790
1770
1781
1789
1813
1827
1834
1864
1895
1920
1958
1985
2019
2060
2100
2181
2198
2167
2223
2296
2237
2249
2346
2286
2276
2294
2300
2302
2386
2270
2216
2226
2208
2173
2262
2143
2053
2021
1995
1973
2020
1973
1876
1840
1817
1808
1812
1870
1781
1773
1879
1797
1790
1922
1846
1852
1995
1935
1942
2100
2038
2032
2188
2154
2140
2240
2247
2220
2285
2330
2279
2288
2366
2293
2286
2282
2279
2263
2346
2226
2172
2155
2147
2114
2187
2059
1985
1950
1942
1899
1970
1900
1824
1790
1794
1781
1811
1858
1779
1780
1808
1820
1850
1971
1911
1913
1938
1982
2014
2174
2110
2103
2138
2163
2207
2336
2294
2252
2262
2283
2294
2294
2293
2288
2278
2261
2238
2206
2179
2151
2116
2086
2064
2024
1997
1962
1931
1892
1866
1844
1820
1796
1787
1778
1766
1778
1790
1787
1808
1816
1831
1869
1898
1920
1961
1978
2018
2061
2096
2128
2156
2178
2214
2246
2274
2273
2280
2294
2298
2314
2312
2297
2284
2274
2236
2218
2192
2166
2123
2087
2054
2025
1982
1960
1939
1891
1860
1845
1816
1797
1796
1794
1778
1779
1783
1795
1802
1816
1836
1859
1891
1917
1957
1981
2014
2054
2089
2116
2154
2183
2199
2234
2256
2276
2291
2307
2297
2300
2297
2292
2271
2259
2236
2218
2191
2165
2131
2095
2062
2038
1991
1961
1931
1904
1876
1842
1812
1813
1788
1779
1771
1780
1781
1801
1807
1818
1844
1858
1887
1935
1955
1980
2019
2046
2077
2115
2149
2180
2195
2225
2256
2269
2292
2292
2298
2293
2291
2286
2265
2257
2244
2213
2191
2147
2122
2090
2059
2026
1991
1966
1936
1905
1878
1857
1826
1822
1801
1789
1789
1797
1791
1809
1820
1827
1854
1883
1901
1920
1967
2004
2020
2052
2101
2134
2158
2193
2222
2250
2266
2285
2282
2291
2286
2302
2293
2276
2274
2261
2230
2222
2181
2149
2131
2090
2056
2021
1989
1963
1928
1906
1880
1857
1835
1814
1800
1779
1782
1786
1796
1809
1816
1843
1855
1888
1912
1933
1968
1994
2033
2072
2099
2128
2166
2194
2231
2234
2272
2280
2291
2292
2304
2312
2313
2302
2288
2266
2246
2224
2194
2172
2147
2107
2070
2028
1993
1966
1941
1915
1884
1850
1824
1823
1801
1792
1797
1809
1804
1811
1852
1845
1866
1885
1909
1939
1967
1995
2026
2062
2101
2142
2173
2194
2215
2256
2276
2290
2298
2315
2304
2300
2301
2301
2284
2281
2248
2234
2196
2155
2123
2104
2060
2029
2002
1958
1934
1914
1898
1862
1836
1797
1792
1774
1773
1774
1781
1788
1793
1824
1852
1866
1900
1925
1960
2004
2041
2054
2088
2144
2172
2194
2232
2253
2274
2283
2297
2310
2312
2324
2315
2326
2294
2274
2244
2232
2198
2173
2139
2112
2068
2036
1997
1975
1938
1908
1880
1862
1838
1804
1794
1781
1779
1776
1779
1784
1795
1816
1840
1869
1903
1921
1963
2015
2031
2062
2101
2118
2152
2187
2206
2240
2256
2281
2286
2301
2298
2326
2296
2284
2271
2270
2238
2208
2192
2161
2133
2105
2065
2028
1996
1955
1930
1896
1862
1838
1819
1810
1795
1775
1775
1775
1781
1791
1802
1813
1836
1860
1902
1936
1957
1979
2019
2058
2090
2132
2154
2188
2203
2228
2260
2285
2285
2296
2301
2302
2298
2301
2277
2275
2232
2218
2176
2152
2140
2098
2061
2044
1994
1959
1927
1891
1872
1848
1841
1815
1812
1786
1785
1776
1775
1773
1781
1803
1825
1856
1893
1919
1946
1983
2019
2050
2086
2118
2147
2161
2196
2238
2261
2263
2274
2291
2288
2290
2276
2270
2264
2255
2232
2227
2191
2150
2126
2119
2061
2026
1995
1961
1937
1921
1880
1846
1816
1810
1793
1794
1782
1786
1807
1801
1810
1825
1843
1874
1888
1912
1946
1989
2006
2050
2081
2112
2150
2182
2192
2234
2246
2269
2280
2302
2298
2301
2296
2281
2279
2252
2236
2212
2185
2149
2125
2110
2058
2030
1986
1963
1939
1911
1888
1850
1832
1819
1809
1791
1790
1773
1809
1795
1828
1825
1847
1877
1912
1929
1960
1982
2014
2062
2104
2120
2170
2193
2242
2248
2264
2282
2317
2311
2295
2313
2303
2288
2275
2268
2240
2240
2210
2167
2132
2109
2068
2042
2019
1971
1926
1909
1885
1850
1827
1820
1800
1795
1787
1790
1791
1797
1814
1837
1842
1865
1894
1919
1951
1980
2018
2044
2089
2128
2162
2187
2215
2230
2252
2280
2308
2325
2314
2314
2301
2300
2290
2278
