1382054
-105678
-340930
-550947
-747677
-928648
-1106941
-1255261
-1398122
-1495766
-1574458
-1605873
-1664789
-1641099
-1608551
-1549635
-1483921
-1378655
-1225082
-1074702
-917833
-732330
-529111
-313944
-95790
103618
325892
538896
741085
931120
1085105
1255158
1385144
1517087
1574355
1640893
1655313
1670351
1636773
1579711
1494221
1382157
1237442
1090152
911859
731300
514279
305189
94760
-130192
-338664
-554655
-766629
-929060
-1096847
-1258145
-1396062
-1497208
-1567763
-1629769
-1657167
-1656961
-1617409
-1565909
-1475887
-1378655
-1240532
-1078822
-919069
-733978
-530965
-316210
-108974
102794
322596
534158
743969
924116
1093757
1255982
1384938
1496693
1575385
1640893
1668291
1660463
1643159
1571677
1502461
1379582
1260308
1086856
926691
718734
526227
315695
97850
-129162
-343402
-545591
-747677
-939154
-1091491
-1254849
-1378964
-1499886
-1577857
-1614937
-1648103
-1654901
-1633683
-1552313
-1468677
-1367531
-1234352
-1084384
-916391
-723884
-535703
-314562
-123600
106090
311884
530656
742115
935446
1097465
1262574
1392766
1518735
1588775
1644807
1665407
1676119
1645425
1581359
1478565
1399461
1253716
1098392
926485
732536
524785
325068
94760
-113918
-334544
-536630
-744175
-935652
-1110443
-1261750
-1374638
-1476299
-1568587
-1620293
-1641717
-1627297
-1606903
-1565497
-1468059
-1365986
-1232498
-1073157
-905885
-729446
-520047
-308073
-91258
127720
331248
534673
751179
942656
1113945
1269475
1396680
1497208
1589702
1646764
1683020
1674574
1641305
1593307
1503697
1394723
1262265
1093448
930090
727901
534570
315180
104751
-128029
-347934
-539926
-743557
-932459
-1100349
-1257424
-1369385
-1495251
-1585273
-1639451
-1651193
-1660257
-1629048
-1566424
-1469192
-1368046
-1230026
-1084487
-899808
-718013
-528390
-316107
-97953
111549
334235
544561
758080
915155
1109310
1256085
1388749
1506066
1591556
1644498
1665098
1679724
1633580
1580638
1474342
1385865
1239399
1083560
913404
721927
509232
297258
83739
-132355
-338973
-561762
-762818
-936785
-1118477
-1255364
-1396783
-1491543
-1576209
-1618645
-1654283
-1646146
-1641408
-1570338
-1477638
-1361866
-1242592
-1096435
-933180
-725017
-536218
-307455
-112785
112579
326201
535497
746544
913095
1091800
1250317
1389470
1501534
1577342
1628430
1636052
1652532
1615658
1571265
1465381
1356819
1217357
1077998
889817
719558
494297
306528
90228
-140904
-357204
-573298
-786199
-958724
-1116417
-1275758
-1398328
-1516675
-1599899
-1639039
-1668497
-1668291
-1644807
-1568175
-1485363
-1372063
-1245476
-1088916
-922983
-733566
-519223
-314562
-99086
99498
326510
531068
743557
922880
1102615
1258248
1398122
1491131
1577033
1629563
1656549
1669527
1635125
1576415
1485157
1376389
1236000
1079234
914743
710494
509541
296743
87550
-135342
-366268
-575873
-774045
-959136
-1120331
-1263501
-1400594
-1527696
-1598560
-1637288
-1676222
-1665510
-1648412
-1586921
-1495663
-1393693
-1262265
-1096744
-931326
-725635
-546930
-320948
-112167
109283
314047
526536
732742
924013
1094272
1253716
1393899
1493191
1571471
1628018
1660360
1669012
1632962
1575694
1475784
1378140
1232498
1087577
916494
718219
507172
293447
70967
-130295
-354423
-560423
-763230
-950381
-1108074
-1273389
-1403581
-1511731
-1581050
-1618954
-1667158
-1656034
-1636464
-1569720
-1477432
-1377934
-1244549
-1090255
-916082
-729961
-525712
-320021
-98571
123703
330939
543325
758286
940699
1117138
1255879
1392663
1503903
1585582
1642026
1669012
1659742
1631520
1588466
1499268
1370106
1241047
1078513
933592
724399
527566
306837
97335
-137505
-335265
-556509
-755608
-938433
-1095508
-1260205
-1390191
-1500298
-1570132
-1624310
-1657270
-1654798
-1616688
-1545618
-1472900
-1365471
-1226009
-1079955
-909078
-723987
-515824
-301790
-91979
128029
359367
551256
758698
946467
1115078
1274934
1417177
1530477
1599281
1661493
1675501
1681681
1648103
1586715
1503800
1390500
1241356
1106529
925455
722236
525197
317137
101146
-117008
-351848
-545179
-761788
-941214
-1110340
-1249699
-1387616
-1496384
-1579402
-1615246
-1657476
-1645631
-1634919
-1553961
-1482685
-1359497
-1226833
-1086650
-913507
-711524
-506863
-289018
-93318
120716
340930
565058
741909
938536
1120331
1285440
1399770
1515645
1600311
1651399
1674265
1690951
1653047
1585273
1482479
1393075
1248154
1095920
921129
731918
527669
310442
79516
-123806
-338458
-559084
-751179
-941832
-1104469
-1260514
-1395444
-1500504
-1574973
-1615555
-1637185
-1645631
-1617203
-1552725
-1465381
-1372269
-1220550
-1081294
-926073
-727386
-518605
-314871
-92082
104030
334544
547857
757771
920408
1107971
1268239
1402036
1501946
1596500
1635537
1665819
1674677
1647073
1572913
1490101
1365883
1248978
1086032
919275
719352
511189
304468
82400
-143582
-339488
-556200
-757565
-941214
-1101997
-1268754
-1387822
-1518529
-1588157
-1633065
-1660051
-1669115
-1630593
-1556227
-1492367
-1382981
-1245476
-1077586
-916803
-731300
-528493
-316416
-94142
117420
340312
542089
748501
944716
1108589
1265767
1397710
1515954
1581565
1649545
1662111
1679415
1623795
1584861
1488041
1380097
1231056
1096950
908563
725738
508511
310648
87756
-139462
-349788
-572062
-775693
-958518
-1128365
-1277612
-1414602
-1508126
-1590011
-1646249
-1666025
-1662111
-1635125
-1581153
-1500607
-1380715
-1248566
-1102306
-923601
-728622
-535703
-315386
-99704
108150
341548
538484
746029
927000
1096023
1257836
1397092
1508847
1587333
1644601
1671381
1666437
1643983
1583007
1504109
1389264
1256188
1088916
922983
714820
522725
298597
98674
-117008
-340106
-562895
-761067
-936682
-1107559
-1270299
-1397504
-1492882
-1562922
-1624825
-1643365
-1657991
-1615761
-1551695
-1476093
-1375977
-1224876
-1075732
-896409
-718734
-512013
-294786
-89816
124218
340930
548063
769513
950484
1109825
1280187
1418104
1532846
1602886
1663553
1679003
1687861
1655107
1592483
1503285
1398225
1252995
1115078
914537
732021
530553
310442
84460
-122261
-348758
-555376
-752415
-923086
-1105911
-1259278
-1392457
-1485775
-1571059
-1622765
-1666025
-1644807
-1613907
-1558699
-1480728
-1351978
-1220756
-1063681
-904546
-713687
-507584
-287885
-75705
123497
354835
561453
777032
956767
1133618
1293577
1422739
1541910
1615658
1669836
1698058
1687964
1670454
1602474
1523782
1403684
1256600
1105911
934622
736141
533540
308897
95687
-121643
-340415
-542913
-754578
-937609
-1101276
-1259999
-1389161
-1501122
-1569720
-1630284
-1658094
-1646970
-1614834
-1555918
-1475681
-1361557
-1226009
-1061930
-900838
-724811
-505421
-284074
-88580
128338
339282
560938
774869
940184
1113739
1274728
1414396
1516881
1601135
1644189
1692599
1684565
1649751
1584861
1499371
1381333
1256188
1081706
917215
710288
514485
302099
101764
-142346
-345668
-568457
-756329
-955428
-1114151
-1278333
-1401006
-1512452
-1593204
-1658403
-1655519
-1667673
-1625443
-1577033
-1483715
-1383599
-1237545
-1080470
-926485
-727798
-531995
-311472
-98674
126484
328158
552904
750561
935240
1106735
1275552
1380612
1524915
1587951
1631211
1663347
1662935
1624207
1582183
1475269
1380612
1233528
1095199
904237
714202
493061
295713
67980
-149144
-381512
-572577
-785684
-961711
-1134030
-1292135
-1418825
-1513276
-1599590
-1639142
-1686110
-1676222
-1630696
-1580638
-1499680
-1374741
-1251553
-1081397
-924116
-733257
-533952
-308794
-101455
111549
333411
549402
759728
924631
1106426
1252892
1391633
1494015
1587436
1628018
1657270
1668806
1634816
1564158
1481758
1362690
1235073
1076865
902898
704417
519326
280675
73439
-149659
-365959
-574122
-766114
-971599
-1117756
-1293474
-1422327
-1518117
-1598869
-1640275
-1669012
-1674574
-1646352
-1571574
-1486702
-1384938
-1251450
-1092727
-921438
-723678
-531480
-324965
-97747
100940
335677
550741
744278
916803
1107456
1267415
1391942
1505036
1579196
1629460
1657888
1655004
1625340
1571780
1500195
1364235
1237339
1080264
905988
702151
497387
289018
70658
-135548
-370594
-568560
-771161
-948012
-1129189
-1276994
-1399976
-1500401
-1595367
-1626679
-1669527
-1666643
-1629357
-1572501
-1477741
-1378758
-1245270
-1089534
-920099
-727386
-539617
-309103
-97232
129986
323832
529935
747059
934210
1109207
1258145
1388234
1506066
1589393
1637391
1667673
1673235
1640275
1575179
1488247
1383187
1240326
1080470
925867
725326
527257
307352
80752
-125454
-343402
-556406
-747471
-934210
-1110443
-1268960
-1379170
-1498547
-1558493
-1628121
-1642335
-1648721
-1600311
-1559729
-1474445
-1370930
-1218902
-1079543
-904649
-721618
-522519
-302099
-91670
132046
335780
539823
756123
937918
1116623
1265561
1398534
1526254
1603092
1650472
1674162
1673956
1647382
1585994
1499989
1392663
1250935
1090564
927618
717189
525300
314974
98365
-118347
-348449
-553934
-748707
-911859
-1100040
-1264016
-1399873
-1492161
-1573737
-1624825
-1651811
-1651708
-1615864
-1566630
-1467544
-1383702
-1234558
-1084075
-911138
-713893
-526948
-311163
-87447
108047
347007
557127
744484
935961
1110958
1271329
1402345
1514924
1592174
1655416
1669218
1667364
1634610
1591762
1487526
1387822
1240429
1084075
918348
736965
511292
309618
82503
-117523
-339385
-566912
-768380
-935343
-1118580
-1251656
-1394311
-1482273
-1582801
-1633992
-1665098
-1649648
-1624310
-1558596
-1488144
-1371342
-1227863
-1076453
-905576
-725429
-520974
-302511
-96099
112167
342681
551771
767350
937609
1117344
1267003
1407083
1519353
1587642
1641614
1685492
1662420
1648000
1568278
1498856
1377110
1246403
1073363
918966
712039
507378
276555
81267
-135651
-362251
-587924
-764672
-971599
-1125172
-1282762
-1401315
-1511525
-1593925
-1644498
-1678900
-1667982
-1630902
-1589908
-1479286
-1402036
-1232086
-1095405
-920408
-746853
-520768
-308279
-105781
95893
335883
538999
741806
925661
1096332
1258557
1390088
1500092
1584552
1629254
1660772
1665510
1631726
1578578
1478359
1371033
1235279
1075732
893834
723987
506039
294992
67774
-137917
-354320
-574328
-788671
-957488
-1128571
-1273492
-1407186
-1517705
-1587127
-1639039
-1681681
-1664995
-1648103
-1570441
-1500813
-1390809
-1248978
-1095508
-931841
-724502
-543119
-318270
-108356
106296
328364
541162
734493
926176
1086959
1251450
1383702
1500607
1572501
1634507
1669527
1654695
1633683
1562613
1487835
1382363
1218490
1081294
901971
713584
503155
292829
74366
-143994
-365238
-563513
-769513
-940802
-1114975
-1283689
-1392148
-1518220
-1580844
-1642232
-1671484
-1662420
-1616894
-1577033
-1482685
-1382157
-1230129
-1084796
-898469
-736759
-522931
-310030
-99086
117214
328158
533952
750561
929678
1095817
1257218
1399461
1503285
1589393
1644601
1675501
1665407
1643159
1571677
1489895
1387616
1242592
1093551
898469
722442
529935
306219
75396
-125248
-347316
-548681
-760346
-940390
-1105190
-1256703
-1394002
-1487114
-1572810
-1618954
-1650678
-1636567
-1622147
-1553961
-1472179
-1339927
-1221889
-1064196
-905267
-697310
-507893
-296434
-90846
137608
339488
553934
775899
942862
1125275
1264428
1411100
1521310
1596191
1647897
1688891
1668909
1637597
1598663
1492985
1388131
1257836
1087474
923395
719352
521695
306116
87138
-123600
-351230
-551050
-766217
-950278
-1106117
-1257630
-1383908
-1502873
-1570853
-1636155
-1638627
-1640275
-1609375
-1557257
-1470325
-1364338
-1219108
-1075423
-907327
-703490
-493885
-286237
-81988
121540
359882
557951
777856
935034
1100864
1274831
1402860
1508744
1588054
1648412
1689818
1677252
1640584
1583522
1493706
1389367
1251965
1080264
911756
716571
524476
300142
93421
-130707
-345359
-567324
-747265
-952853
-1102821
-1273286
-1392663
-1509671
-1574561
-1624207
-1662317
-1651193
-1621323
-1558184
-1466926
-1368870
-1239708
-1070067
-896100
-713481
-514382
-296331
-81679
139565
351539
550535
764672
950999
1120022
1271535
1415941
1526872
1599384
1664480
1677870
1681578
1647382
1583110
1498032
1383084
1245579
1081397
916700
725429
505730
297567
65405
-134209
-367607
-561144
-778886
-945849
-1128468
-1288530
-1414705
-1511525
-1593307
-1630490
-1665716
-1666952
-1643468
-1566012
-1486084
-1377728
-1242180
-1083869
-916906
-718631
-538690
-299215
-103309
117111
325171
537351
754990
935549
1089740
1258763
1394929
1504212
1580432
1630078
1668394
1664068
1630696
1568484
1486290
1366501
1233837
1073260
917318
701533
500168
288812
92803
-136063
-372654
-576182
-776723
-961608
-1120125
-1284616
-1406568
-1520795
-1596809
-1646249
-1666025
-1670763
-1630799
-1574149
-1492367
-1390500
-1235176
-1093551
-920099
-729652
-524991
-313841
-108150
120510
331454
546621
748295
937506
1097465
1260823
1399564
1498444
1581050
1636773
1673647
1671793
1624619
1567969
1489895
1375565
1234867
1072642
904855
708228
510159
289018
81164
-129368
-349788
-553728
-769101
-940184
-1104057
-1269372
-1406362
-1499474
-1582595
-1627915
-1657991
-1640481
-1614113
-1553137
-1469501
-1360733
-1228996
-1068934
-898881
-712348
-508305
-294477
-92494
137608
334338
561659
756123
954192
1121155
1285749
1408834
1518632
1597118
1658300
1675398
1686522
1643468
1583316
1502255
1386483
1249287
1092212
917936
728519
531480
300966
85799
-120201
-334647
-550226
-758801
-939875
-1097053
-1259690
-1387513
-1486599
-1555197
-1613907
-1644807
-1643880
-1599178
-1555712
-1449622
-1354244
-1224155
-1068831
-896512
-711215
-499550
-292005
-74057
124527
367401
576697
768380
945231
1120434
1277406
1416353
1515851
1599693
1650472
1679312
1677046
1650266
1576518
1490410
1387616
1247124
1087371
911962
719249
515618
293859
89301
-132767
-347625
-555479
-768792
-945849
-1113430
-1274213
-1386483
-1502358
-1582698
-1618130
-1664892
-1635846
-1622456
-1552828
-1457244
-1358879
-1216945
-1070788
-896306
-700297
-499962
-280984
-69525
147805
360912
575152
767865
959548
1138665
1298006
1423048
1539129
1616791
1677355
1693011
1699397
1670145
1612053
1525945
1418825
1270196
1124760
941729
761788
548475
337634
126896
-91464
-318270
-523034
-712863
-901765
-1075835
-1212310
-1340339
-1443339
-1528623
-1563540
-1599796
-1571986
-1528932
-1469192
-1384732
-1261647
-1131867
-958312
-771161
-578242
-362663
-128441
96099
327437
544355
775384
988903
1197272
1359703
1548399
1664171
1832267
1856575
1971111
1894479
2046198
1797556
2085338
1524503
2135087
1374329
797529
726150
-480083
745926
-522725
332278
-561453
-535188
-535085
-1343017
-668161
-1055750
-1365883
-1216739
-2105320
-1352905
-1940932
-1629666
-1718658
-1692084
-1990784
-1721233
-2141885
-1817641
-1808371
-1860592
-1198302
-1013829
-253174
-148217
104957
171289
715335
766526
697207
800928
1174715
1097774
943892
1356819
1195418
1536142
1298830
1422533
1016919
1092830
881989
1240120
723060
828223
710906
570105
-94863
-1545
-506245
-526948
-825854
-878075
-1360836
-1460128
-1390088
-1448901
-1681887
-1804251
-1767995
-1810019
-1578887
-1609581
-1354965
-1373299
-885800
-980457
-874470
-720382
-377392
-306219
-136475
79001
261311
522931
791452
887345
1019288
1180483
1553240
1511216
1607418
1559214
1692496
1486496
1508229
1516675
1665407
1712993
1587951
1574149
1368767
1291414
1138974
968921
712760
475551
85284
-114536
-366268
-404481
-586379
-697928
-1083045
-1317370
-1519147
-1561583
-1679621
-1741833
-1755429
-1608139
-1675707
-1471561
-1293165
-1114460
-1059870
-1010121
-945128
-852737
-573298
-206927
33681
266461
702151
874058
1083251
1188002
1090152
1254849
1175436
1427992
1319224
1453021
1417795
1525430
1581256
1383084
1340442
1087371
859741
597194
366886
129883
39655
-49131
-142655
-351333
-602550
-825236
-987873
-1118168
-1278230
-1364441
-1409143
-1530889
-1532846
-1581668
-1577754
-1582904
-1489792
-1449416
-1405847
-1289045
-1057501
-841304
-624489
-403760
-204764
-50058
242668
379452
633656
741909
955428
1083045
1231674
1295740
1419031
1522649
1623383
1737919
1787977
1836387
1770055
1689921
1545927
1387101
1243725
1020524
851604
603889
361633
136372
-66332
-266358
-476375
-722339
-905576
-1118271
-1257424
-1355686
-1467647
-1546957
-1602577
-1636155
-1616997
-1592277
-1507611
-1430052
-1321490
-1176466
-985195
-786096
-559393
-354114
-141110
97438
302202
534364
713687
872101
1044832
1191092
1335807
1459613
1536760
1615040
1671690
1702796
1669012
1666334
1606800
1535524
1429640
1324580
1110237
916494
673208
484306
265431
44599
-207957
-461131
-680830
-846660
-1023923
-1212207
-1390294
-1546442
-1668497
-1776647
-1841640
-1888608
-1866978
-1827426
-1726486
-1609066
-1470840
-1331584
-1179556
-1024747
-841716
-596473
-368122
-113094
96511
358440
567736
760449
963668
1156587
1308924
1444472
1550871
1638833
1716495
1774175
1766759
1703311
1624825
1528005
1434687
1323447
1190062
1016198
811331
583804
374817
136681
-27707
-275113
-503773
-713378
-891465
-1089534
-1259587
-1403478
-1494530
-1599384
-1629048
-1666952
-1651296
-1600826
-1510907
-1420061
-1304907
-1202422
-1034532
-880135
-687422
-507893
-294580
-118450
92288
281396
499756
700915
900632
1085517
1237442
