1418413
-84975
-316931
-527566
-739128
-929987
-1104572
-1270299
-1415529
-1530477
-1607212
-1659330
-1704650
-1699706
-1665098
-1613598
-1537172
-1431700
-1297388
-1139901
-977573
-770234
-585349
-347625
-139668
82400
299936
517060
745205
936888
1106323
1272668
1414190
1543970
1614937
1688685
1718349
1723705
1697543
1645631
1554373
1449519
1306967
1157308
982620
774869
570414
349273
127617
-91361
-329291
-543737
-757668
-944407
-1120846
-1272565
-1423357
-1528211
-1616894
-1670660
-1712272
-1702178
-1690024
-1625752
-1545412
-1430464
-1308512
-1138253
-986431
-791658
-589057
-357719
-140492
80752
292726
518708
732639
919584
1099731
1276170
1417898
1528623
1611641
1679621
1710315
1715671
1693217
1636567
1556227
1433863
1318503
1146802
973762
773015
580714
342166
133591
-97747
-317961
-533334
-743866
-945849
-1116932
-1276479
-1415529
-1539335
-1613804
-1672308
-1699912
-1711448
-1676428
-1621632
-1535318
-1439116
-1300478
-1145875
-968303
-786920
-570311
-361118
-151204
78486
299936
514382
723781
919172
1110237
1274110
1409452
1543661
1625649
1693629
1703929
1739979
1697337
1642953
1561789
1453845
1316237
1163282
972938
797941
574740
365444
133385
-78383
-317343
-513249
-735214
-932871
-1109310
-1270299
-1400079
-1514100
-1605152
-1663450
-1697234
-1695586
-1666746
-1618130
-1536966
-1430670
-1296564
-1141343
-962844
-774972
-570311
-357513
-126690
86314
305910
516133
745205
942244
1127747
1283071
1432318
1541910
1637494
1694556
1731018
1732460
1709594
1657064
1565806
1449622
1323653
1165857
986534
789495
585658
353805
136475
-94760
-313944
-527051
-738201
-924940
-1116829
-1268239
-1392766
-1525224
-1620808
-1672720
-1708770
-1710624
-1687346
-1623074
-1537172
-1425211
-1285543
-1135987
-964698
-771573
-577006
-362663
-133179
86005
312811
528493
734802
928339
1109104
1278539
1413263
1536760
1636052
1688582
1721954
1718864
1698676
1637082
1554064
1448592
1308512
1152673
970157
766526
567427
337119
125866
-102794
-319712
-550329
-758183
-951514
-1117859
-1287191
-1420782
-1530580
-1623692
-1672102
-1698470
-1716804
-1686728
-1638112
-1534082
-1446223
-1294813
-1150819
-985504
-781255
-584422
-367195
-155015
76323
307661
521489
721824
927206
1097980
1267827
1401624
1533670
1616070
1674780
1690436
1706092
1683638
1628842
1532228
1428610
1293783
1139283
956046
755299
548166
336501
115669
-103515
-343299
-544355
-772088
-966861
-1139798
-1296255
-1428301
-1546751
-1640790
-1689612
-1724426
-1723190
-1708358
-1639348
-1552622
-1446120
-1307688
-1165033
-986843
-784448
-580611
-366680
-148114
65920
303850
520150
736553
922468
1107559
1273492
1427580
1530477
1628327
1672823
1721439
1721645
1701457
1636773
1549017
1440249
1294607
1138562
959342
767247
555170
336398
129059
-109901
-331557
-554552
-768792
-964389
-1127850
-1308306
-1444781
-1559317
-1645013
-1699603
-1735035
-1730709
-1707843
-1644807
-1569411
-1448901
-1314177
-1163900
-976131
-795881
-583598
-375744
-155839
73027
287473
514382
726768
925455
1100658
1264119
1404817
1532125
1618542
1686522
1717628
1713920
1682814
1637082
1543764
1443236
1296976
1152261
966037
780534
565161
320227
108150
-96408
-336604
-550329
-764775
-954810
-1135163
-1292547
-1432318
-1541498
-1637288
-1673956
-1727928
-1726280
-1694968
-1631520
-1554064
-1441279
-1305731
-1141549
-982208
-772603
-574740
-354217
-130707
95893
304571
526845
743248
929369
1112400
1271535
1420885
1540262
1633168
1683638
1710624
1707534
1695998
1641202
1556948
1435408
1308100
1149995
987152
767350
579169
332381
128338
-104236
-322596
-547651
-746853
-947188
-1117447
-1281011
-1412130
-1535524
-1613186
-1678488
-1709594
-1718040
-1666540
-1619366
-1536142
-1433657
-1290075
-1140725
-961402
-781461
-563204
-349479
-124733
91979
323317
541883
754372
946879
1121876
1292341
1448077
1557154
1649648
1708564
1731018
1741936
1705268
1653356
1567248
1460746
1317988
1152982
983959
780534
586173
354526
133076
-90434
-317240
-536836
-744999
-935240
-1116829
-1280702
-1406568
-1528005
-1611847
-1675707
-1706401
-1707431
-1680239
-1629563
-1533979
-1426653
-1289045
-1136296
-968715
-762921
-566397
-341136
-133797
95893
325995
541574
754372
942141
1141034
1291002
1426859
1555197
1639863
1698161
1741421
1736889
1711757
1654695
1558287
1469295
1302538
1160398
983547
793203
564852
350612
121025
-81885
-324141
-536424
-754784
-929781
-1122906
-1267518
-1414293
-1528829
-1615349
-1650369
-1696307
-1695483
-1678179
-1617821
-1540674
-1419340
-1285852
-1149686
-967685
-771882
-580611
-348964
-123394
71894
322390
532922
744175
928854
1125069
1300066
1421812
1553343
1638009
1682711
1739567
1740185
1695895
1650575
1556227
1442309
1312117
1145360
975204
775487
580302
335677
126793
-96099
-316107
-545179
-736450
-949351
-1105602
-1292341
-1410791
-1543249
-1624104
-1673132
-1713096
-1729988
-1676016
-1637288
-1540056
-1448386
-1297182
-1156175
-963565
-775796
-578757
-357307
-138844
93318
313532
516236
746029
936064
1117653
1287294
1423048
1546442
1633065
1688067
1720821
1743687
1698779
1652429
1547781
1447253
1297285
1148244
973144
770337
568560
341445
100219
-102897
-336707
-557127
-772500
-950587
-1143094
-1286985
-1435305
-1541807
-1631417
-1698264
-1727928
-1720409
-1705783
-1635743
-1566115
-1446944
-1317576
-1154424
-980663
-777444
-586997
-370594
-147290
79104
308588
527978
742115
929266
1115387
1277406
1425417
1538305
1629563
1684359
1724323
1723293
1704547
1652017
1565703
1453639
1315207
1166784
980766
778371
569796
344432
117523
-90949
-314665
-541574
-756226
-929987
-1113224
-1294504
-1414293
-1533155
-1614731
-1677767
-1703929
-1715465
-1668085
-1625237
-1532743
-1434996
-1287294
-1148038
-955325
-773736
-557951
-346698
-134724
83636
324862
526948
761067
944922
1133721
1304392
1451064
1548296
1652223
1694453
1746365
1730503
1713199
1659124
1576003
1456317
1330863
1172037
986946
788053
569178
351127
133385
-101043
-316725
-532613
-745720
-931635
-1115696
-1273595
-1416559
-1515954
-1612980
-1666540
-1702384
-1701148
-1679312
-1614010
-1532640
-1433142
-1288221
-1129807
-966758
-768277
-560526
-332175
-119789
109077
338973
558775
745102
962947
1136090
1315413
1448077
1574664
1653150
1715980
1746674
1747292
1721748
1662214
1583110
1467338
1324786
1171522
992405
798250
580405
358852
133282
-86108
-313944
-538690
-751591
-937094
-1115593
-1286470
-1417074
-1532537
-1619675
-1681269
-1705989
-1703723
-1674883
-1619263
-1542837
-1426653
-1287809
-1133000
-965831
-766217
-569075
-338252
-120407
97953
306631
553316
750046
944819
1121670
1298212
1439631
1547987
1635537
1698161
1735653
1738331
1714229
1641923
1560965
1447047
1318091
1152776
971805
769719
562586
347522
129471
-106605
-338561
-553316
-750870
-959445
-1129086
-1295534
-1424181
-1549841
-1628121
-1689921
-1716495
-1724323
-1688479
-1630181
-1546545
-1430979
-1309954
-1152158
-980045
-785478
-575461
-358852
-129780
76323
320433
518708
740982
929987
1121876
1272462
1411821
1543043
1626473
1676737
1724117
1715877
1691569
1629357
1544691
1440249
1292856
1147832
958003
764054
548063
341960
102382
-117832
-345462
-561350
-774457
-962020
-1157617
-1306658
-1446120
-1553446
-1640687
-1691363
-1742245
-1727413
-1699397
-1633889
-1563231
-1437983
-1312117
-1142579
-993744
-786199
-581744
-351127
-147805
83121
309309
532407
730270
925661
1114048
1279569
1412851
1529550
1610714
1680960
1715568
1717422
1699294
1626988
1542940
1426756
1307070
1132279
961814
753136
556406
334235
112064
-117420
-349376
-557539
-765290
-964286
-1135678
-1312117
-1443442
-1559626
-1630490
-1686110
-1714950
-1742348
-1698058
-1641614
-1550562
-1457656
-1314898
-1150407
-980663
-788362
-584731
-379555
-138432
76014
300142
524579
732433
921644
1111473
1269578
1417074
1527696
1621735
1671587
1718349
1708873
1701869
1631005
1542425
1424799
1287603
1136708
954398
761067
541574
340106
111343
-105369
-339591
-551256
-754784
-956973
-1143094
-1306040
-1435099
-1536245
-1626267
-1687861
-1711551
-1719791
-1693217
-1632447
-1553549
-1441588
-1305834
-1154424
-972217
-781564
-590705
-365856
-135342
85490
299730
520150
737171
939875
1109619
1278436
1413881
1543867
1619469
1680239
1725971
1724941
1703105
1650575
1547987
1449931
1308924
1157926
982105
789289
563925
353908
128441
-88889
-322081
-532098
-744072
-930399
-1114460
-1275140
-1402757
-1524709
-1605049
-1667467
-1704341
-1705989
-1672411
-1619675
-1529035
-1429228
-1278230
-1146184
-962123
-777238
-561453
-337840
-128132
92906
313532
514794
752003
937506
1120949
1277200
1436438
1540159
1628121
1691363
1715259
1730091
1715259
1657579
1561995
1457553
1316237
1159574
989624
783109
580096
348037
132561
-89713
-319197
-541265
-738098
-934313
-1107868
-1281423
-1431597
-1534082
-1615246
-1669836
-1711654
-1703414
-1674986
-1636876
-1545000
-1440146
-1288736
-1146905
-961093
-770234
-575667
-361427
-135754
85284
339488
535085
765599
941626
1132897
1285749
1423872
1554682
1634404
1695380
1727310
1717422
1694144
1648206
1556742
1436129
1293783
1148759
984680
787435
567118
349067
119995
-100219
-331763
-549917
-760140
-935137
-1115490
-1272359
-1418619
-1527284
-1626370
-1680548
-1719070
-1709388
-1690642
-1619778
-1562510
-1428816
-1296976
-1134339
-985092
-767350
-573298
-335883
-126896
85902
317446
532819
758183
954810
1109413
1286367
1429228
1560038
1625958
1692290
1727310
1736168
1695174
1648412
1556742
1442412
1299139
1134339
973762
758389
555582
333205
122673
-114124
-341651
-574019
-760346
-974689
-1130734
-1304495
-1437365
-1539644
-1627812
-1687346
-1720512
-1726898
-1686934
-1652944
-1551592
-1449828
-1296976
-1156999
-977573
-792894
-576285
-368225
-143376
66332
313944
510674
740467
914434
1110031
1277818
1422224
1540674
1622971
1688273
1725765
1718555
1691981
1630799
1550665
1446635
1288221
1142888
965934
764569
564028
333720
108665
-114227
-343093
-556612
-776414
-959651
-1141034
-1298212
-1434275
-1556227
-1640275
-1689097
-1728649
-1728031
-1702487
-1631417
-1561583
-1446841
-1318606
-1166990
-991169
-788362
-592971
-369564
-145024
84563
287885
517266
724090
920923
1105396
1269578
1402757
1536863
1606697
1683329
1708049
1704753
1686625
1629357
1543249
1436026
1294504
1140622
961093
764260
553625
326510
114330
-107326
-352054
-561350
-770337
-953162
-1141343
-1289972
-1431700
-1539438
-1620087
-1703723
-1723911
-1714229
-1691672
-1633786
-1553137
-1449725
-1300169
-1149583
-975822
-792585
-588336
-367195
-137711
89919
303541
515721
731712
918657
1115078
1264119
1424181
1529138
1632344
1682814
1726898
1725044
1701148
1633374
1549120
1442206
1309542
1150613
964080
768586
581847
345977
119274
-100528
-317240
-542501
-753445
-945952
-1122391
-1280187
-1416868
-1529344
-1614422
-1667158
-1713302
-1691878
-1678694
-1614216
-1531610
-1410791
-1282865
-1122185
-963256
-751179
-562380
-334235
-125969
106399
326201
548887
752106
962947
1123730
1289869
1437777
1557875
1626370
1698676
1728546
1740906
1694453
1651605
1552107
1452918
1304186
1156278
965625
774972
568457
345668
129986
-108974
-329394
-536630
-751385
-956664
-1121155
-1279054
-1413778
-1536657
-1612877
-1682093
-1702281
-1703929
-1671175
-1621323
-1526975
-1422739
-1283689
-1154836
-960269
-759007
-546724
-333514
-121231
99807
322493
557230
751488
935137
1120228
1286470
1430155
1552313
1633477
1699603
1731739
1737713
1705989
1650575
1557463
1457347
1308100
1151746
976749
781667
566397
340312
116081
-107223
-337531
-546518
-757771
-938227
-1120331
-1276788
-1420473
-1538305
-1612465
-1669321
-1711345
-1714229
-1675089
-1620499
-1527181
-1433039
-1276170
-1133206
-959239
-770852
-554655
-340106
-117214
95584
323420
540544
756123
955016
1142373
1290384
1436850
1545721
1654283
1695071
1728649
1743481
1698161
1643365
1560965
1443957
1299963
1149686
970878
762509
561556
333308
116287
-112373
-331351
-560938
-767968
-959445
-1136914
-1294092
-1446223
-1542219
-1630181
-1684977
-1728031
-1718349
-1708049
-1634507
-1548811
-1443854
-1314074
-1147214
-984371
-778062
-581847
-360706
-149350
77868
294786
522622
755093
932665
1107353
1274316
1415529
1531301
1616791
1680857
1714847
1722057
1688273
1633065
1555197
1431597
1295946
1144742
963771
759522
548475
332690
103206
-118862
-344844
-559702
-766011
-959342
-1139077
-1301714
-1438292
-1549017
-1628533
-1697543
-1719173
-1726795
-1694659
-1633889
-1550047
-1446017
-1302229
-1148244
-975204
-777959
-573916
-348552
-131531
79413
308279
522107
738922
927103
1116726
1271329
1417795
1540777
1624722
1685286
1724014
1723808
1699706
1643262
1553446
1451888
1299242
1139077
955119
778474
558981
330630
126690
-107944
-332484
-550226
-770543
-942862
-1126511
-1288736
-1420164
-1539850
-1611229
-1680857
-1708667
-1699603
-1669733
-1607933
-1534185
-1422121
-1288221
-1124348
-946570
-759831
-547754
-339282
-127823
107841
321669
553316
757462
950175
1133618
1290796
1437159
1557669
1641305
1705165
1728649
1748425
1709697
1662729
1560553
1451373
1303774
1150304
986637
783006
575873
356998
127308
-95481
-317961
-531686
-745926
-931635
-1115078
-1276788
-1414499
-1524915
-1605255
-1668703
-1700015
-1697749
-1666025
-1618027
-1526563
-1418310
-1273286
-1125584
-943789
-759934
-548269
-338664
-116802
108356
339900
547136
767247
931326
1137841
1282968
1438086
1551386
1643159
1686419
1735241
1732563
1708564
1639142
1563849
1444575
1317473
1149583
989212
762921
579272
349067
127205
-108047
-334441
-549093
-755402
-952647
-1119198
-1299139
-1416147
-1531610
-1621632
-1665922
-1707122
-1706092
-1680342
-1623692
-1532640
-1416250
-1285234
-1137017
-950278
-754166
-559084
-329703
-107738
115978
342166
553625
772912
958724
1155042
1315825
1441691
1567660
1661596
1728134
1748116
1749558
1724632
1670248
1587024
1482994
1324786
1182955
1007649
800310
601417
382336
171392
-64272
-285310
-491928
-713275
-895379
-1085517
-1236206
-1359909
-1462497
-1560347
-1591350
-1652532
-1622044
-1595264
-1530580
-1440352
-1316340
-1176981
-1008061
-828944
-619957
-396756
-165212
61594
320330
533334
780637
998482
1211589
1390912
1585788
1711654
1866978
1934752
1991917
2016431
2058043
1953292
2078128
1635022
2376210
1153909
1053999
451964
-293344
602550
-493267
579890
-735111
-177366
-999718
-1190577
-554037
-1266591
-1017949
-1551180
-1878926
-1480522
-2055468
-1577136
-1798998
-1814860
-2004483
-1888917
-2146211
-1937430
-1853176
-1978012
-1316649
-974998
-349067
-48616
12360
88786
728210
720073
682272
842231
1169668
1038549
1104160
1210662
1269269
1595367
1406877
1419752
1154630
1020215
1050291
1258866
856033
772706
679079
560938
-21115
116905
-534879
-395726
-960990
-880547
-1545412
-1282350
-1540262
-1382672
-1893861
-1780252
-1919302
-1619984
-1642644
-1545618
-1465278
-1416765
-968303
-1047304
-914125
-778783
-380173
-344226
-115978
60358
292108
468650
741085
829665
1001778
1140622
1648309
1556433
1666643
1516469
1719585
1427271
1650884
1575488
1808062
1675810
1732460
1624928
1545412
1412748
1281320
1020009
747986
527669
133900
-36050
-290254
-327746
-584319
-701945
-1039476
-1306349
-1533567
-1604843
-1752751
-1742039
-1819083
-1659021
-1683329
-1626267
-1343429
-1279466
-1149068
-1124863
-1033605
-916906
-631287
-288606
49028
277894
642720
910211
1013520
1186045
1134133
1273286
1260926
1428919
1411203
1448798
1466720
1585582
1585788
1472488
1345489
1140725
897748
642411
408498
200335
68083
41715
-132767
-350509
-625828
-832240
-1001881
-1134854
-1291414
-1399049
-1484745
-1558493
-1559317
-1620808
-1646352
-1646558
-1562098
-1513894
-1450446
-1322726
-1058531
-901044
-632420
-472770
-261105
-104545
231441
355453
630669
764260
972423
1105808
1260102
1327155
1454257
1540056
1679724
1780870
1887990
1882222
1843185
1751515
1633271
1438807
1299551
1076350
916391
667749
393975
180044
-28222
-237724
-468238
-700503
-923910
-1098495
-1264634
-1394620
-1488659
-1578887
-1636567
-1681681
-1662317
-1628739
-1580535
-1487835
-1400182
-1225494
-1035047
-823897
-611408
-387074
-175615
60049
288297
520253
692778
862831
1047922
1220241
1371136
1475372
1569720
1647588
1706504
1755532
1742966
1758622
1695380
1625752
1500916
1353214
1157617
955325
728828
524373
315489
74160
-181898
-445887
-654359
-870556
-1037519
-1254540
-1420164
-1576827
-1699809
-1826499
-1888917
-1968948
-1951438
-1904470
-1784372
-1673235
-1553961
-1415426
-1269784
-1088092
-888169
-644368
-405305
-147805
81885
338355
558363
777238
993023
1179144
1333541
1485157
1577651
1693835
1777883
1841331
1813109
1759755
1689097
1593307
1514409
1409555
1238060
1075320
854797
638806
405923
213107
-3914
-237724
-482761
-693087
-890332
-1086547
-1262162
-1421812
-1535730
-1628739
-1663553
-1701869
-1679415
-1656137
-1561171
-1475681
-1370003
-1246506
-1097362
-945025
-739746
-570929
-344432
-155118
46968
261826
479774
694220
890435
1078410
1263398
