1424799
-102176
-343196
-543428
-765187
-951308
-1120125
-1288942
-1429846
-1534288
-1622353
-1658403
-1716907
-1702899
-1668085
-1615967
-1539953
-1425005
-1271329
-1124760
-955634
-771367
-563822
-340930
-128441
107017
321257
537454
754372
949145
1108692
1276582
1436541
1553549
1641511
1686007
1725559
1725971
1687449
1643159
1547575
1421194
1297388
1122494
960063
764878
547033
325068
110210
-121334
-337840
-568354
-777753
-953986
-1139695
-1295534
-1429846
-1546030
-1625340
-1689921
-1723499
-1715259
-1681578
-1625546
-1533979
-1431803
-1304495
-1139489
-963874
-773221
-566912
-347213
-122467
96923
326613
538587
756432
925455
1123524
1294401
1438395
1527799
1622250
1696822
1710006
1721748
1689406
1635022
1559214
1438086
1299654
1146081
958621
760552
560217
332381
103824
-117420
-339076
-556509
-775281
-958724
-1127335
-1280187
-1430670
-1542528
-1622456
-1665922
-1710006
-1717628
-1688582
-1612980
-1514718
-1431391
-1292959
-1130425
-951720
-750149
-566088
-343093
-128647
92391
326613
536321
765702
945849
1123936
1292135
1434275
1556845
1644498
1692084
1719894
1729782
1714950
1630593
1558184
1450240
1319430
1146390
974895
770646
559805
344432
120304
-114742
-330424
-547136
-744999
-951926
-1133103
-1282144
-1419546
-1530374
-1618233
-1666025
-1699191
-1698779
-1661905
-1619675
-1522649
-1423357
-1289045
-1114872
-943995
-748913
-557745
-332072
-105369
115051
333617
543016
748913
956767
1139695
1304804
1436129
1559523
1646043
1709491
1736065
1743687
1701045
1640481
1545721
1450549
1305319
1151952
974071
762097
562998
341960
99601
-117729
-330527
-537660
-753754
-955325
-1128468
-1290384
-1412439
-1528623
-1632035
-1678591
-1703723
-1709491
-1675089
-1630181
-1523473
-1424078
-1281320
-1124142
-942347
-755608
-549917
-348140
-109180
99910
339694
555170
748089
950690
1126717
1284204
1427786
1551798
1649751
1705989
1712169
1727001
1692187
1644189
1536863
1438807
1296255
1130940
946364
765187
546930
327952
104751
-113197
-353187
-559702
-780946
-970363
-1135472
-1300478
-1437159
-1552519
-1627297
-1688067
-1713405
-1705577
-1694865
-1635537
-1534185
-1409967
-1292650
-1136502
-965419
-767556
-558157
-344020
-130192
92494
325892
538896
757153
947394
1112503
1294504
1422430
1543249
1631211
1680651
1691569
1708255
1686625
1630387
1530065
1421709
1281423
1124554
945437
747883
539411
306322
110416
-126381
-358852
-570414
-792791
-975822
-1145463
-1317370
-1446326
-1564467
-1646249
-1701457
-1723911
-1720203
-1693835
-1633889
-1545103
-1435511
-1300581
-1154630
-971908
-775487
-553934
-343196
-118141
89301
318785
542913
755814
951617
1116108
1289457
1424181
1542013
1616379
1684668
1710006
1723602
1697646
1632653
1538408
1422636
1276170
1126511
957385
752518
534879
311987
88992
-130192
-361324
-584319
-786611
-976646
-1155351
-1303053
-1461570
-1575488
-1649030
-1703414
-1728340
-1720924
-1705062
-1642850
-1554888
-1440970
-1304804
-1145051
-975822
-768998
-576182
-347419
-125454
98674
316416
535291
757153
956252
1112709
1293577
1419546
1553034
1625546
1689818
1717628
1728958
1680960
1629254
1530168
1432936
1285749
1127953
946158
754681
546312
318167
91155
-134003
-346801
-574019
-783006
-974895
-1146390
-1312735
-1451579
-1552107
-1628327
-1669218
-1710212
-1728134
-1694247
-1614731
-1526872
-1435408
-1281114
-1122803
-959651
-761376
-561453
-337428
-104648
110828
338664
553728
772809
954810
1131867
1295843
1436438
1558390
1631726
1698058
1728752
1721130
1686934
1638730
1549738
1433039
1299139
1131867
962844
760861
552698
327231
95069
-111137
-354217
-560629
-781564
-961711
-1131352
-1286985
-1435305
-1547163
-1617306
-1681372
-1717628
-1711860
-1686522
-1606594
-1529962
-1421194
-1281114
-1125893
-957797
-748810
-549505
-331351
-98468
115978
337428
559393
773221
969848
1140931
1311705
1458068
1568690
1653974
1706916
1734314
1748116
1724632
1649854
1562716
1441382
1307894
1139695
966140
756432
570620
336707
110004
-109386
-340312
-557745
-772603
-957694
-1133412
-1283071
-1425314
-1529962
-1629048
-1674780
-1707122
-1699294
-1684050
-1618954
-1529344
-1406156
-1283277
-1119095
-961814
-737377
-543016
-322699
-107017
120613
334029
568045
772500
969951
1141034
1313765
1445811
1562819
1647794
1699912
1747086
1742451
1714847
1645219
1558287
1442824
1308718
1138768
968097
771058
553831
330012
102794
-119686
-331454
-562998
-772809
-967994
-1126099
-1289560
-1423254
-1546236
-1610405
-1677355
-1689097
-1713199
-1675295
-1618645
-1520795
-1418207
-1280187
-1120846
-958724
-765187
-547754
-332278
-100219
116493
331969
550638
772912
946879
1131970
1301508
1446429
1549017
1638215
1695895
1723705
1741009
1713611
1638833
1542837
1439837
1298418
1139180
951205
752930
542707
326304
88374
-127617
-357616
-549196
-780843
-949248
-1137429
-1310366
-1436850
-1554579
-1643983
-1686213
-1718555
-1717731
-1684359
-1628739
-1550459
-1439425
-1295637
-1126614
-950896
-766011
-549814
-342166
-124321
113403
335677
544046
764260
958003
1137944
1312014
1434275
1557669
1638833
1702075
1727413
1729267
1695895
1636773
1560553
1429331
1295122
1128468
959239
760758
538793
317858
97850
-135342
-355350
-584216
-783521
-977264
-1149171
-1313868
-1444266
-1558184
-1645631
-1690951
-1725971
-1728649
-1702899
-1638421
-1555815
-1444987
-1303671
-1151849
-965522
-771573
-571650
-344947
-120613
113197
322905
546003
770852
949763
1124348
1299757
1435717
1547163
1634404
1700942
1727104
1724838
1698264
1650575
1562304
1445502
1305628
1132382
959857
751282
550123
324038
116802
-122776
-342784
-569178
-768071
-969436
-1137635
-1299345
-1429640
-1546442
-1614010
-1688891
-1715465
-1711654
-1680754
-1621014
-1539541
-1418413
-1279363
-1129704
-946158
-760655
-558260
-321875
-112991
119583
340209
563822
778268
972629
1134030
1316340
1448283
1566527
1652841
1717937
1751309
1742863
1705577
1644395
1558699
1452609
1312632
1150304
970363
758080
554243
327952
101970
-117935
-351848
-559290
-761479
-953574
-1131455
-1298212
-1438704
-1538099
-1619675
-1676325
-1702281
-1700221
-1662111
-1607109
-1528829
-1415941
-1267724
-1119404
-934519
-752724
-533231
-313532
-83430
126896
348346
575358
781049
975822
1161943
1316546
1466926
1579196
1664480
1730915
1751618
1747498
1713920
1665510
1571574
1460952
1314383
1141961
984062
772397
568766
335265
112167
-109695
-339797
-557333
-772294
-954913
-1126820
-1300375
-1423563
-1543352
-1624722
-1680548
-1718452
-1715980
-1661390
-1614628
-1541498
-1434584
-1285234
-1114769
-944304
-754372
-550020
-317343
-104545
115154
334647
562071
795778
958621
1136090
1307791
1458583
1560244
1636258
1708976
1738228
1741936
1709800
1640996
1552004
1443236
1298624
1138047
959857
756226
545797
317137
95584
-120716
-356998
-567015
-786817
-979736
-1148347
-1319327
-1444678
-1562304
-1651502
-1689612
-1735756
-1725250
-1700942
-1626782
-1546236
-1435614
-1300993
-1136811
-974380
-764466
-571238
-330527
-119274
111240
326098
552595
758080
959136
1130322
1302641
1422430
1556948
1633374
1700942
1714950
1728958
1690436
1644704
1537378
1421400
1288839
1127541
943686
758183
525918
304365
96305
-144303
-366989
-598945
-792482
-988491
-1165754
-1330245
-1467235
-1570235
-1636567
-1700324
-1734932
-1736065
-1704341
-1643159
-1555609
-1441588
-1307070
-1134442
-961505
-767968
-551153
-347934
-106296
97850
331866
544046
765187
941832
1129395
1289148
1439528
1542837
1639245
1677973
1724323
1724529
1693835
1624413
1532949
1425005
1278333
1124966
949866
742527
545076
309412
85593
-128029
-366371
-571650
-796911
-975101
-1154733
-1314692
-1457862
-1572501
-1645631
-1698573
-1729885
-1732975
-1703723
-1629975
-1536657
-1437365
-1305525
-1132382
-956252
-763745
-568148
-331866
-115463
103927
330733
549814
755814
950175
1129292
1306040
1434481
1541601
1629563
1682917
1718143
1712375
1688273
1633477
1537069
1423151
1281938
1136708
955325
740158
531789
314150
90228
-131222
-362354
-578654
-783315
-982826
-1155145
-1309439
-1453948
-1535936
-1640996
-1690024
-1727104
-1719894
-1690024
-1632962
-1534494
-1437159
-1287603
-1139901
-944098
-750561
-567942
-339797
-110313
98365
334235
533025
766320
960269
1128674
1297491
1435305
1552725
1638112
1692702
1724426
1728340
1698470
1640378
1550356
1429022
1296770
1132485
977161
753960
557333
320330
108562
-110210
-345874
-550741
-755299
-955840
-1129807
-1298109
-1423666
-1535318
-1611950
-1670351
-1704135
-1706195
-1663244
-1617821
-1532743
-1410997
-1274007
-1123730
-939154
-748295
-540750
-328776
-99189
113197
331763
553522
760552
960475
1132794
1296976
1440661
1567351
1646661
1699603
1735653
1739979
1710109
1649751
1564055
1445193
1306452
1161428
965007
765908
550535
339900
113918
-117111
-344432
-559496
-761891
-943068
-1120743
-1295534
-1440970
-1535833
-1621529
-1680033
-1718555
-1710727
-1691157
-1618851
-1540983
-1433863
-1283792
-1130322
-959239
-747986
-555479
-337840
-113712
111961
334750
568766
771985
951102
1141755
1304186
1433142
1561995
1631623
1714229
1732975
1730503
1680033
1638833
1551489
1440455
1292753
1140622
957488
777135
539308
315798
107017
-122055
-341857
-560732
-776002
-960887
-1137532
-1292650
-1429537
-1543661
-1624207
-1681887
-1712581
-1713405
-1673853
-1632859
-1524915
-1421503
-1269166
-1129292
-954295
-758492
-531171
-323832
-94142
117008
360294
567736
779195
964904
1146081
1302126
1455596
1567660
1645322
1695483
1740597
1728340
1707328
1631520
1558184
1431803
1304289
1119713
970466
747265
541780
313635
92597
-122261
-362045
-591117
-794954
-984577
-1151746
-1319224
-1446429
-1560759
-1643571
-1689303
-1731121
-1721439
-1689921
-1633271
-1555609
-1435923
-1296152
-1135884
-975925
-769822
-561453
-331248
-130810
104648
326304
543016
749737
959548
1132485
1286470
1438704
1548193
1638421
1693835
1728649
1725971
1697543
1628945
1545927
1424799
1288427
1121876
948424
761273
538278
318064
89507
-130295
-356792
-567324
-791761
-977882
-1150201
-1303774
-1459510
-1554167
-1652841
-1696513
-1731739
-1721645
-1704547
-1638627
-1549017
-1444987
-1304701
-1148244
-968612
-767247
-574328
-345050
-130707
84563
320433
531686
749840
940905
1120846
1284925
1426241
1550459
1624207
1679724
1722572
1714950
1685595
1626061
1539850
1430464
1278436
1127335
954089
751076
535085
309515
85902
-137402
-364620
-581023
-787641
-972114
-1149995
-1322829
-1441382
-1556124
-1631520
-1696616
-1727516
-1721748
-1677046
-1632962
-1535318
-1439734
-1287603
-1142373
-952750
-764569
-558466
-340621
-114227
110004
329291
530965
759110
945025
1121876
1289663
1429537
1559008
1632138
1699088
1726280
1734726
1686522
1627194
1545412
1434790
1285646
1132691
932562
754166
546312
331351
87241
-118862
-350303
-556715
-781770
-962535
-1130116
-1291105
-1426035
-1540674
-1630696
-1685698
-1704444
-1715980
-1673132
-1627194
-1523370
-1410688
-1275655
-1121567
-949454
-746647
-530862
-318991
-91155
121231
347213
566603
777444
968097
1154424
1304907
1447459
1565703
1653562
1693320
1744202
1743584
1710006
1651090
1549120
1447356
1298418
1136708
955737
754990
542501
330836
106914
-128544
-347110
-551874
-774251
-961402
-1136811
-1294607
-1438704
-1540880
-1619778
-1677458
-1706504
-1705062
-1671690
-1615864
-1532331
-1411409
-1269887
-1110340
-945334
-738407
-529214
-314974
-105575
117523
351539
556200
770440
970569
1146184
1307688
1453227
1557875
1645425
1702899
1749043
1734417
1705371
1645425
1552313
1439013
1299448
1131970
965213
754990
551565
322390
93112
-119583
-349994
-566706
-771573
-960784
-1143815
-1306658
-1438086
-1554785
-1624825
-1679827
-1718555
-1715259
-1674471
-1613083
-1531919
-1420473
-1272359
-1111988
-943995
-753239
-547445
-302614
-94760
131943
342372
570620
775899
992508
1142167
1305628
1456832
1579711
1657373
1711345
1748425
1750279
1698367
1649751
1550047
1447871
1287603
1148038
952750
763127
543016
328673
109695
-128647
-359161
-563616
-797632
-975925
-1146596
-1319224
-1440867
-1560965
-1645425
-1690539
-1723499
-1734623
-1701457
-1624619
-1539335
-1433245
-1294710
-1146596
-958003
-767968
-564337
-340518
-122158
113094
328364
545488
770337
962020
1132485
1285852
1435820
1561377
1637185
1684977
1723293
1718143
1687037
1629563
1542425
1415117
1282041
1124554
956355
747265
533334
314974
96305
-130501
-354938
-583392
-782285
-985916
-1151643
-1321902
-1461776
-1558287
-1646661
-1696101
-1731327
-1734829
-1683535
-1625031
-1550665
-1441485
-1279981
-1142064
-958106
-762303
-565676
-343196
-120613
98365
328467
546930
764054
954295
1130322
1291002
1441279
1547163
1635537
1697543
1725353
1723293
1696925
1642335
1548399
1447253
1283792
1140622
949145
762612
538587
329188
108356
-131016
-347728
-576594
-781873
-961608
-1137223
-1291620
-1438498
-1548090
-1620911
-1676737
-1717319
-1715053
-1680033
-1601547
-1523679
-1414499
-1272977
-1115284
-925558
-739643
-534776
-312296
-94039
124527
358131
561556
778989
967891
1153497
1314898
1458068
1558081
1648515
1712375
1741627
1738125
1698573
1636567
1558081
1439837
1307379
1141034
962020
767659
561762
324862
109283
-115257
-351745
-562586
-771882
-957591
-1136502
-1310778
-1427889
-1530271
-1624825
-1674677
-1711345
-1706401
-1666025
-1612671
-1521413
-1405950
-1271844
-1102100
-937403
-742836
-535909
-314768
-93730
134724
350612
582053
788259
979118
1153085
1311911
1458480
1575282
1652738
1712890
1734108
1743584
1715568
1645734
1550974
1436438
1301405
1138871
955222
755299
543016
323523
100219
-119686
-355453
-565367
-778062
-965831
-1147832
-1309439
-1441073
-1553240
-1619366
-1685492
-1719070
-1706504
-1677664
-1610920
-1519044
-1420164
-1274934
-1114975
-932150
-734596
-528184
-314871
-90331
140698
365753
575873
789598
991993
1165754
1332717
1453639
1585273
1667158
1721542
1767274
1751721
1722675
1673441
1575179
1462909
1321078
1168844
985607
789392
575255
355350
141316
-73439
-323008
-516030
-740467
-920511
-1101894
-1252068
-1378449
-1483097
-1567351
-1632035
-1646558
-1622868
-1611332
-1527902
-1434996
-1331172
-1163385
-1009297
-820292
-623665
-388722
-159444
83430
295610
547960
778989
1009606
1212825
1403272
1578372
1723602
1858326
1947730
2018388
2007573
2053717
1999230
1946700
1930220
1595985
2204097
736965
1141652
-353599
162843
-12669
-524785
227939
-970775
-195288
-1592277
-750664
-1008267
-1469913
-1414396
-1871304
-1707740
-1672514
-1737610
-1672720
-1714126
-1906530
-1862137
-1949481
-1920229
-1653047
-2168459
-1306452
-1187693
-371521
-260693
210738
95481
645913
874264
705859
919275
1084281
1285028
982929
1377522
1244446
1605564
1444987
1521619
1107765
1025056
996422
1094581
806902
611099
798662
563513
66023
-202601
-368637
-649209
-803606
-964389
-1299860
-1594234
-1504418
-1479595
-1690127
-1971111
-1687449
-1983677
-1629872
-1719070
-1364132
-1384835
-1045759
-896512
-1029073
-684435
-573401
-192610
-268418
160371
221450
611820
701945
897645
1047922
1158132
1591453
1631623
1646661
1658609
1789419
1597015
1470737
1599899
1704650
1743687
1615761
1657270
1474754
1318400
1163694
963153
777238
468959
187048
-151204
-347110
-400979
-545179
-710700
-1044317
-1300272
-1538511
-1630593
-1720821
-1841331
-1833709
-1688994
-1727516
-1557772
-1302023
-1135987
-1105808
-1090976
-1028249
-946364
-666307
-237724
108150
324656
824000
956973
1146802
1194388
1125481
1242798
1215606
1433245
1449313
1489689
1554991
1503594
1636670
1376286
1353626
1133103
873955
659818
433630
146981
69731
-101455
-156045
-371315
-576903
-836772
-962329
-1155866
-1273286
-1429125
-1399873
-1587127
-1568278
-1647382
-1588054
-1614628
-1510804
-1474754
-1436026
-1371857
-1137223
-923910
-652505
-432600
-160783
-39243
235355
376877
608524
760655
945437
1110855
1277406
1370621
1481243
1605049
1693629
1802809
1841331
1857193
1807753
1714847
1604637
1436541
1303877
1061415
868290
651269
385426
130810
-81370
-258530
-483894
-706271
-932356
-1132691
-1299448
-1408834
-1513173
-1605461
-1642129
-1720203
-1682093
-1651811
-1567351
-1494839
-1385350
-1243004
-1056780
-842643
-597812
-363899
-143685
87859
300039
561041
751694
931841
1074496
1240841
1386071
1519044
1598972
1676634
1723396
1747086
1706504
1712890
1639348
1562716
1452712
1358364
1155557
956149
706374
488941
280057
56856
-201674
-444651
-665895
-858196
-1029485
-1226524
-1413572
-1590423
-1727413
-1819907
-1902307
-1952674
-1947730
-1902204
-1820525
-1679827
-1542631
-1377522
-1226318
-1063784
-870041
-650342
-395417
-155015
102279
336501
567427
794748
1000439
1190680
1355995
1488453
1612053
1685801
1769025
1829177
1843185
1786947
1729061
1606697
1496075
1364441
1248669
1055956
862213
610378
391709
170568
-29458
-256882
-495945
-725429
-930914
-1126305
-1295740
-1436850
-1561274
-1630696
-1689715
-1716083
-1716907
-1676840
-1584758
-1482891
-1357849
-1238987
-1068522
-913301
-721721
-522313
-306116
-121128
77559
284074
509232
735626
942347
1132794
1261750
