1358776
-65611
-288709
-498108
-716262
-888787
-1058222
-1218181
-1363411
-1470737
-1551386
-1602474
-1645116
-1650060
-1624516
-1570338
-1498444
-1396268
-1262059
-1116005
-962844
-773427
-579066
-351127
-150895
66229
272641
489147
687628
891774
1044008
1214473
1367016
1482582
1567248
1625237
1663141
1669321
1650987
1594131
1521825
1400903
1275655
1114254
959651
766217
568354
347934
138123
-63757
-299009
-511704
-707610
-897851
-1062136
-1231983
-1357231
-1470943
-1559420
-1609272
-1664274
-1653768
-1635022
-1574252
-1498444
-1399976
-1271741
-1121979
-959342
-779607
-587718
-365959
-141625
47071
281911
481319
696898
877148
1053793
1217769
1372578
1462394
1562510
1623383
1663141
1662935
1648103
1594749
1524709
1407907
1277921
1122700
963359
770131
573401
353702
139153
-65405
-288297
-507996
-696898
-887757
-1066050
-1223537
-1353523
-1471355
-1555094
-1610920
-1643262
-1640378
-1637494
-1569102
-1491646
-1393281
-1267827
-1122803
-964698
-765393
-584422
-373581
-152955
65405
280057
484409
692160
888890
1061724
1221477
1358364
1491234
1563334
1625443
1662317
1685595
1653871
1598251
1516469
1420885
1293989
1141446
969436
774251
584216
364208
156663
-74057
-285001
-488941
-697310
-889611
-1058634
-1220859
-1347549
-1461776
-1539026
-1603710
-1642644
-1643880
-1604122
-1579711
-1490925
-1394929
-1260617
-1106220
-938948
-760655
-571650
-355762
-145127
71585
280675
491722
706992
886521
1071406
1231571
1361969
1489380
1569102
1636876
1666952
1688170
1653150
1605564
1504006
1418310
1297285
1132073
974380
773015
575770
368225
144303
-67877
-289945
-498829
-694426
-889714
-1062445
-1227039
-1355686
-1466720
-1561171
-1620087
-1645013
-1653047
-1631829
-1589187
-1486393
-1400903
-1257836
-1121258
-943789
-768586
-577727
-368328
-154912
62933
274804
491516
697516
877663
1060900
1220756
1362999
1474445
1578784
1628018
1656652
1655828
1639966
1588672
1512246
1396062
1272153
1106941
946158
755917
557848
351127
122673
-79619
-299833
-518605
-720382
-906400
-1075938
-1230335
-1376698
-1485878
-1563128
-1616894
-1663553
-1653871
-1650369
-1598457
-1503079
-1397195
-1264943
-1128056
-963668
-771161
-580920
-371624
-169435
57783
274701
484512
685980
874985
1055544
1214679
1347343
1467544
1563540
1607830
1632550
1644498
1628430
1577548
1485775
1379067
1258763
1116520
939566
746853
542604
343402
122467
-95893
-316931
-523446
-732330
-917833
-1090358
-1247742
-1378655
-1503285
-1584346
-1641202
-1658506
-1671896
-1652944
-1592998
-1514512
-1404302
-1286882
-1136605
-966964
-776620
-577006
-365341
-169950
58092
271920
472461
695147
872616
1052969
1213340
1354244
1478153
1548811
1618233
1650369
1646455
1640275
1592277
1505345
1389882
1266900
1110031
947909
751488
556509
339591
131016
-90022
-312708
-516648
-736141
-923292
-1078719
-1249184
-1383290
-1498753
-1586921
-1647691
-1683947
-1677355
-1657785
-1599899
-1522443
-1418001
-1285440
-1152364
-977367
-792276
-590705
-380482
-170362
58607
262753
482246
674650
888375
1048128
1205821
1341369
1474960
1554888
1623280
1643674
1663244
1630490
1585170
1495560
1398019
1263089
1119095
940802
756741
552492
342063
116493
-79001
-304571
-517163
-721618
-906091
-1083354
-1237545
-1382363
-1481140
-1585994
-1612980
-1657476
-1657064
-1637700
-1581256
-1497414
-1403169
-1263295
-1122185
-953162
-775487
-577624
-366783
-141213
62727
302099
484409
711112
886933
1069552
1229923
1372990
1483200
1574458
1630284
1660154
1660566
1648000
1590320
1519559
1401933
1272977
1125172
957282
770543
571650
353496
142449
-72615
-296125
-511395
-706786
-897027
-1068728
-1230953
-1361145
-1473724
-1552622
-1610096
-1653356
-1662832
-1620190
-1577342
-1495045
-1395547
-1245167
-1109516
-952338
-752415
-575152
-343814
-147805
80443
295301
510365
711524
905267
1079646
1240635
1381127
1493500
1585376
1640172
1673132
1678900
1654386
1590526
1528314
1419134
1285131
1131867
966552
778989
578036
358131
153367
-63345
-286855
-506451
-709464
-894246
-1065947
-1222507
-1341266
-1466102
-1561789
-1611435
-1649957
-1650163
-1638421
-1571471
-1497311
-1392663
-1255776
-1102924
-959651
-757256
-569075
-341136
-148732
78280
297258
513352
707919
901971
1077689
1248772
1373093
1499165
1578475
1637185
1677046
1681990
1669836
1606594
1520486
1418310
1286470
1131249
959033
776208
571753
363899
134106
-67568
-282014
-512116
-714923
-893422
-1058737
-1217666
-1346004
-1467647
-1552313
-1595367
-1635125
-1648721
-1623589
-1572604
-1480316
-1400594
-1249802
-1120125
-958209
-767968
-565985
-361015
-140904
68804
280572
496151
705447
890744
1066359
1227760
1370724
1482273
1574355
1623589
1661905
1673235
1644189
1583625
1508435
1403684
1273904
1122494
956767
764466
560629
350406
122982
-86314
-283662
-520974
-708743
-899396
-1072539
-1246506
-1365265
-1476917
-1573119
-1615349
-1652223
-1666643
-1639451
-1576003
-1513688
-1405126
-1272874
-1118271
-955943
-775590
-579169
-363487
-158826
72306
270272
488632
696383
886418
1059149
1233528
1368664
1490307
1573119
1622147
1663347
1672411
1640481
1594955
1516469
1404302
1273080
1113121
942347
757874
560011
341857
124424
-88168
-313532
-524270
-730373
-905370
-1088195
-1243622
-1393590
-1492161
-1576209
-1628945
-1660051
-1668497
-1652017
-1598251
-1518529
-1414705
-1276170
-1147214
-954295
-780740
-586791
-360088
-159032
64478
276246
500374
694117
873543
1057192
1226936
1364853
1470943
1566424
1628430
1663038
1666334
1646764
1596088
1524606
1410482
1281217
1120125
963462
764569
571032
348861
155633
-70864
-288812
-515309
-713275
-888684
-1067183
-1224361
-1359806
-1478668
-1555197
-1619263
-1647897
-1657167
-1635949
-1579711
-1488247
-1382363
-1254334
-1117756
-933695
-762200
-555479
-347522
-141522
74366
294786
505936
711421
901250
1075629
1245064
1381951
1499989
1588775
1641511
1677561
1689921
1656755
1595161
1524606
1418928
1287088
1140107
958621
771882
566191
357410
134518
-77662
-293962
-505318
-707919
-883946
-1066771
-1230644
-1353214
-1470119
-1556227
-1610199
-1652635
-1645425
-1621117
-1565600
-1488350
-1380818
-1259484
-1110443
-941626
-747574
-559908
-338561
-131016
79104
302408
519017
722133
911344
1081397
1248257
1396474
1497620
1605255
1648927
1690745
1689303
1671587
1617821
1538305
1432009
1290693
1139386
972732
780225
579890
359470
144715
-68289
-288709
-503361
-712348
-900735
-1062342
-1223949
-1361763
-1473724
-1568690
-1611538
-1658918
-1645116
-1625958
-1575076
-1492573
-1386277
-1253407
-1099422
-953162
-762921
-560114
-347728
-130089
73027
296743
508305
716056
908357
1070994
1237751
1377419
1496796
1571368
1631726
1676222
1678694
1665098
1586612
1512040
1404302
1282453
1122391
962432
755711
560732
347831
135033
-88271
-301893
-521695
-726150
-911241
-1079440
-1241665
-1370724
-1499680
-1578990
-1630902
-1666746
-1674574
-1642026
-1585788
-1511937
-1405641
-1285543
-1123730
-964904
-782285
-578448
-356380
-159135
59431
270993
486469
700194
883225
1054926
1233837
1361660
1476608
1563128
1623898
1655828
1662420
1628018
1591247
1492161
1402139
1261029
1125790
947600
761273
548166
332690
117111
-106193
-317549
-537042
-728210
-919481
-1091594
-1260720
-1397607
-1495457
-1582080
-1630078
-1671484
-1671896
-1652326
-1595264
-1510804
-1403066
-1282968
-1132073
-961608
-780946
-571856
-365341
-142758
61182
286340
494297
702769
876530
1066565
1224052
1365986
1467235
1554785
1617409
1657373
1659639
1646867
1578063
1502461
1409452
1265664
1114460
945437
751282
555273
331454
112064
-103000
-312296
-521180
-729961
-915258
-1082839
-1239296
-1385350
-1495045
-1569205
-1635949
-1661287
-1675501
-1642335
-1591041
-1509671
-1403890
-1279260
-1129086
-966861
-769204
-576697
-374920
-162534
53766
283662
487190
697413
880135
1066565
1220550
1367119
1472179
1560759
1625546
1655210
1655622
1632344
1594234
1494736
1396474
1271432
1119713
943686
750458
547754
339385
121231
-79516
-309515
-528287
-723678
-907636
-1102409
-1252171
-1386380
-1470840
-1567454
-1625855
-1664377
-1662935
-1642953
-1589187
-1496487
-1408731
-1271741
-1123524
-966243
-762097
-579684
-360500
-139771
64169
283765
501404
704726
894143
1063990
1228069
1364647
1490616
1567248
1627606
1665922
1672514
1645940
1597942
1526460
1404302
1275037
1130631
976440
769307
567530
364105
144715
-84563
-297773
-496357
-702048
-890744
-1064093
-1210971
-1348064
-1471870
-1552107
-1608139
-1638215
-1640893
-1609375
-1568587
-1494633
-1388543
-1253716
-1118374
-944201
-763230
-555479
-352054
-137814
72718
284898
480804
705035
895379
1066153
1229408
1366089
1487217
1578681
1635434
1669424
1674162
1662832
1604534
1521310
1409864
1283792
1139695
974071
771058
580199
355659
147496
-66126
-286340
-504700
-701533
-885388
-1065329
-1220138
-1366192
-1470531
-1547575
-1609169
-1650163
-1660669
-1631211
-1573943
-1496796
-1400800
-1260720
-1112297
-954707
-767350
-559805
-366989
-140286
77868
298494
505730
700503
887036
1072333
1234146
1368046
1490925
1565703
1635949
1668085
1662935
1646455
1598045
1496899
1411100
1256806
1136296
962947
774972
567839
351848
138844
-71894
-314974
-506142
-729961
-894452
-1067595
-1222198
-1363411
-1477947
-1569411
-1622971
-1653459
-1653665
-1627503
-1571780
-1508332
-1396268
-1265252
-1121155
-942141
-757874
-559805
-349067
-138020
67980
294786
503567
722133
902280
1073363
1225288
1377110
1495457
1577033
1631005
1683535
1670763
1659433
1591453
1530065
1398637
1275964
1116108
938021
751694
562277
332484
136990
-99498
-315798
-525918
-729755
-913610
-1088607
-1246300
-1376183
-1496899
-1568381
-1630387
-1658815
-1670557
-1639863
-1593307
-1513482
-1406156
-1267930
-1128777
-965007
-780328
-578963
-367813
-152440
55414
277070
493164
695353
884564
1062239
1228378
1352081
1475887
1564673
1616791
1668703
1656755
1638215
1582492
1504418
1406774
1259690
1118683
942347
766320
542089
332999
118244
-82812
-317858
-514073
-733669
-909078
-1090255
-1245373
-1390294
-1500710
-1581359
-1636979
-1682093
-1663347
-1649339
-1599899
-1507405
-1412233
-1276273
-1137120
-962123
-769307
-587615
-370388
-176645
59637
265843
478332
689688
882607
1046274
1212825
1349609
1470222
1557154
1623280
1655416
1651708
1637288
1573428
1503388
1402963
1264531
1111267
947806
764569
558672
340003
123703
-98571
-316107
-523343
-720382
-906709
-1082942
-1252583
-1371239
-1481346
-1562098
-1623074
-1670248
-1667982
-1620602
-1587436
-1502976
-1402551
-1269063
-1132073
-952544
-773839
-574328
-367195
-145127
58195
283147
488117
702048
865509
1060900
1218387
1370312
1471870
1558596
1634507
1657579
1666849
1642335
1586921
1511113
1420679
1265149
1132382
943995
760243
561762
352878
130707
-84769
-295095
-495636
-718940
-891877
-1070994
-1208911
-1361763
-1470943
-1554476
-1616070
-1649030
-1640172
-1623898
-1569102
-1489174
-1365265
-1255673
-1099731
-937506
-740673
-564234
-338149
-130089
78795
295095
509953
727386
904443
1089740
1242077
1383393
1496178
1581256
1639966
1677664
1683432
1651296
1599178
1510598
1411306
1277509
1124039
951514
754475
577418
358131
132973
-88065
-291181
-507275
-716880
-908975
-1070170
-1230335
-1364750
-1483200
-1554888
-1616894
-1643468
-1644395
-1626679
-1568999
-1487629
-1391839
-1254849
-1113636
-941111
-755711
-557539
-345256
-124630
92597
305807
507378
705756
898263
1072024
1239296
1374741
1483097
1569308
1662832
1675810
1675604
1642438
1598354
1515130
1411306
1281732
1128777
959754
764672
575976
357307
111446
-86726
-311678
-507481
-722133
-902486
-1069449
-1236103
-1362690
-1479286
-1565703
-1621323
-1656549
-1649751
-1622353
-1577445
-1491749
-1394723
-1253510
-1115284
-932459
-743248
-565161
-344638
-128956
71894
303026
503258
721515
905782
1087371
1239914
1381951
1490719
1585479
1640275
1670969
1680033
1644189
1598251
1519456
1411100
1274934
1116417
945643
762406
558363
349479
121334
-86314
-324862
-518296
-733875
-906194
-1096847
-1236824
-1384732
-1485363
-1578887
-1612259
-1676325
-1671793
-1650369
-1580947
-1506169
-1414705
-1270196
-1124348
-954295
-769410
-581229
-374508
-157590
68804
284486
490074
697619
884667
1054308
1215400
1353523
1480213
1567454
1619366
1662008
1656240
1638318
1584964
1501122
1398740
1273801
1109001
952544
744587
548372
339591
122879
-91567
-309927
-531995
-741188
-917215
-1084178
-1247021
-1373814
-1489998
-1570750
-1630284
-1666746
-1677252
-1641614
-1588569
-1511731
-1412233
-1270299
-1136914
-958312
-777341
-572062
-378834
-154603
61285
281293
473697
694632
877045
1049776
1208705
1359806
1472488
1552210
1623486
1656240
1668806
1634610
1593925
1519559
1403787
1264325
1110134
942450
757977
557024
347110
131737
-90537
-304159
-516854
-727798
-903207
-1079234
-1236721
-1377625
-1487835
-1566012
-1611538
-1653562
-1649030
-1624722
-1566836
-1496384
-1388028
-1251759
-1107147
-930914
-755299
-545694
-335883
-130501
93009
297567
513043
713584
906297
1080264
1244961
1375359
1491440
1576312
1649442
1670248
1689200
1652120
1615040
1524812
1414087
1272977
1121979
964698
771161
574740
356483
141419
-77971
-295919
-496769
-702048
-890435
-1066874
-1225391
-1352596
-1474754
-1547884
-1605049
-1643983
-1636773
-1611023
-1568793
-1482685
-1377625
-1248360
-1115078
-931429
-754372
-550741
-333514
-139668
77456
309824
507172
734081
901971
1083457
1245270
1379685
1489277
1587127
1645837
1677973
1679209
1642953
1603916
1515130
1415838
1281526
1116623
959033
759934
564131
336707
139874
-87344
-310236
-508717
-715541
-910108
-1067183
-1239296
-1357746
-1469913
-1561995
-1609993
-1656137
-1656961
-1628533
-1578269
-1484333
-1389264
-1254952
-1103336
-938021
-744484
-537969
-339179
-121952
96820
318476
519532
733463
914640
1102821
1257630
1397504
1514924
1603401
1668085
1690539
1701045
1672205
1620705
1552725
1439837
1296255
1150922
983856
794233
589366
387898
171701
-33887
-266049
-472461
-676710
-861183
-1023820
-1175127
-1322520
-1418104
-1504212
-1546133
-1592483
-1574355
-1549429
-1478359
-1406053
-1288324
-1152364
-992405
-815348
-634995
-412000
-180250
40891
274907
489662
721000
946055
1149068
1325404
1524091
1637803
1792303
1861725
1956073
1924864
2041666
1857708
2014474
1686213
1896539
1884385
849235
924528
-330527
209605
-157899
-183443
88889
-734699
-312296
-1690642
-338664
-1294401
-1062960
-1517911
-1671381
-1622147
-1654077
-1638421
-1610817
-1750279
-1842155
-1857193
-1844009
-1876248
-1679106
-2096256
-1367016
-1027734
-480701
-202292
133076
5974
534570
855209
628918
838111
1035562
1130219
1004044
1211383
1189959
1519250
1455184
1423048
1179865
881165
1116520
968715
893010
522313
734390
564131
59534
-36256
-330012
-540853
-836463
-934416
-1369900
-1392869
-1459819
-1362587
-1812594
-1807032
-1693114
-1705886
-1614216
-1533258
-1413366
-1353008
-1063887
-942347
-994362
-747883
-525712
-255131
-256985
128853
255955
473903
632214
784963
948218
1034635
1572604
1571986
1578578
1533773
1718967
1399461
1494015
1572707
1705371
1593513
1648515
1602474
1552622
1315516
1285234
911035
811640
497181
254410
-129574
-197348
-326510
-485439
-736553
-871174
-1241047
-1418928
-1590732
-1640996
-1777574
-1741318
-1667364
-1597942
-1636464
-1233734
-1196963
-1143197
-1118168
-1056162
-982723
-711318
-283971
79001
315283
704623
926794
972629
1111782
1078822
1179865
1184912
1368458
1422945
1414087
1468265
1491131
1507302
1404920
1263192
1122391
847381
676092
449286
197245
85181
-4429
-123497
-330321
-568251
-772912
-936579
-1086444
-1194079
-1337661
-1384320
-1495766
-1514512
-1571265
-1560553
-1552107
-1469913
-1440661
-1389058
-1321902
-1074496
-906915
-641278
-451861
-211871
-83636
190138
354217
571135
736244
900117
1060282
1210971
1287500
1421194
1506993
1642335
1711551
1803633
1785917
1760373
1664480
1608654
1397195
1273801
1035047
881680
662393
396756
174276
-34608
-215270
-423536
-663320
-863037
-1053690
-1207675
-1356201
-1436953
-1530992
-1558802
-1634816
-1619778
-1587642
-1530580
-1465381
-1354347
-1212619
-1037004
-815039
-626858
-385941
-192816
59740
266152
511189
689585
861698
1008679
1178114
1329112
1443545
1511525
1593719
1636567
1683432
1667158
1678488
1636876
1547472
1431906
1325816
1135163
936167
725944
508923
312605
100116
-163152
-402524
-609245
-806696
-989212
-1180998
-1359497
-1517293
-1649648
-1748940
-1841228
-1900247
-1895715
-1858223
-1776029
-1640275
-1522237
-1373711
-1236309
-1068522
-883740
-646119
-405305
-178190
59122
290254
537454
742527
935652
1126099
1288324
1416044
1534906
1613495
1703105
1766347
1777059
1721645
1666643
1566321
1477329
1368561
1228893
1051836
843673
630360
418901
213416
31724
-213828
-442076
-668367
-861492
-1049879
-1225494
-1372269
-1490513
-1574767
-1609169
-1647485
-1644086
-1609890
-1535524
-1454360
-1322726
-1214679
-1057501
-915258
-734287
-544252
-346801
-177675
42951
254101
444445
665792
860874
1037107
1204997
